   0.000000000000e+00   0.000000000000e+00
   9.990009990010e-04   8.941245587443e-03
   1.998001998002e-03   1.778368291777e-02
   2.997002997003e-03   2.652829417228e-02
   3.996003996004e-03   3.517605176914e-02
   4.995004995005e-03   4.372791846038e-02
   5.994005994006e-03   5.218484742805e-02
   6.993006993007e-03   6.054778237928e-02
   7.992007992008e-03   6.881765764048e-02
   8.991008991009e-03   7.699539825064e-02
   9.990009990010e-03   8.508192005358e-02
   1.098901098901e-02   9.307812978937e-02
   1.198801198801e-02   1.009849251848e-01
   1.298701298701e-02   1.088031950432e-01
   1.398601398601e-02   1.165338193327e-01
   1.498501498501e-02   1.241776692744e-01
   1.598401598402e-02   1.317356074292e-01
   1.698301698302e-02   1.392084877841e-01
   1.798201798202e-02   1.465971558369e-01
   1.898101898102e-02   1.539024486812e-01
   1.998001998002e-02   1.611251950894e-01
   2.097902097902e-02   1.682662155960e-01
   2.197802197802e-02   1.753263225790e-01
   2.297702297702e-02   1.823063203409e-01
   2.397602397602e-02   1.892070051897e-01
   2.497502497502e-02   1.960291655174e-01
   2.597402597403e-02   2.027735818795e-01
   2.697302697303e-02   2.094410270724e-01
   2.797202797203e-02   2.160322662107e-01
   2.897102897103e-02   2.225480568037e-01
   2.997002997003e-02   2.289891488307e-01
   3.096903096903e-02   2.353562848160e-01
   3.196803196803e-02   2.416501999030e-01
   3.296703296703e-02   2.478716219276e-01
   3.396603396603e-02   2.540212714909e-01
   3.496503496503e-02   2.600998620309e-01
   3.596403596404e-02   2.661080998939e-01
   3.696303696304e-02   2.720466844049e-01
   3.796203796204e-02   2.779163079373e-01
   3.896103896104e-02   2.837176559824e-01
   3.996003996004e-02   2.894514072173e-01
   4.095904095904e-02   2.951182335729e-01
   4.195804195804e-02   3.007188003010e-01
   4.295704295704e-02   3.062537660404e-01
   4.395604395604e-02   3.117237828832e-01
   4.495504495504e-02   3.171294964393e-01
   4.595404595405e-02   3.224715459010e-01
   4.695304695305e-02   3.277505641069e-01
   4.795204795205e-02   3.329671776052e-01
   4.895104895105e-02   3.381220067159e-01
   4.995004995005e-02   3.432156655927e-01
   5.094905094905e-02   3.482487622847e-01
   5.194805194805e-02   3.532218987966e-01
   5.294705294705e-02   3.581356711492e-01
   5.394605394605e-02   3.629906694386e-01
   5.494505494505e-02   3.677874778952e-01
   5.594405594406e-02   3.725266749419e-01
   5.694305694306e-02   3.772088332521e-01
   5.794205794206e-02   3.818345198064e-01
   5.894105894106e-02   3.864042959498e-01
   5.994005994006e-02   3.909187174470e-01
   6.093906093906e-02   3.953783345386e-01
   6.193806193806e-02   3.997836919955e-01
   6.293706293706e-02   4.041353291733e-01
   6.393606393606e-02   4.084337800664e-01
   6.493506493506e-02   4.126795733612e-01
   6.593406593407e-02   4.168732324888e-01
   6.693306693307e-02   4.210152756770e-01
   6.793206793207e-02   4.251062160026e-01
   6.893106893107e-02   4.291465614420e-01
   6.993006993007e-02   4.331368149225e-01
   7.092907092907e-02   4.370774743719e-01
   7.192807192807e-02   4.409690327685e-01
   7.292707292707e-02   4.448119781903e-01
   7.392607392607e-02   4.486067938637e-01
   7.492507492507e-02   4.523539582117e-01
   7.592407592408e-02   4.560539449015e-01
   7.692307692308e-02   4.597072228921e-01
   7.792207792208e-02   4.633142564808e-01
   7.892107892108e-02   4.668755053498e-01
   7.992007992008e-02   4.703914246117e-01
   8.091908091908e-02   4.738624648553e-01
   8.191808191808e-02   4.772890721905e-01
   8.291708291708e-02   4.806716882926e-01
   8.391608391608e-02   4.840107504466e-01
   8.491508491508e-02   4.873066915908e-01
   8.591408591409e-02   4.905599403598e-01
   8.691308691309e-02   4.937709211276e-01
   8.791208791209e-02   4.969400540498e-01
   8.891108891109e-02   5.000677551056e-01
   8.991008991009e-02   5.031544361391e-01
   9.090909090909e-02   5.062005049006e-01
   9.190809190809e-02   5.092063650873e-01
   9.290709290709e-02   5.121724163835e-01
   9.390609390609e-02   5.150990545006e-01
   9.490509490509e-02   5.179866712165e-01
   9.590409590410e-02   5.208356544145e-01
   9.690309690310e-02   5.236463881225e-01
   9.790209790210e-02   5.264192525511e-01
   9.890109890110e-02   5.291546241312e-01
   9.990009990010e-02   5.318528755521e-01
   1.008991008991e-01   5.345143757985e-01
   1.018981018981e-01   5.371394901871e-01
   1.028971028971e-01   5.397285804033e-01
   1.038961038961e-01   5.422820045375e-01
   1.048951048951e-01   5.448001171202e-01
   1.058941058941e-01   5.472832691580e-01
   1.068931068931e-01   5.497318081685e-01
   1.078921078921e-01   5.521460782145e-01
   1.088911088911e-01   5.545264199391e-01
   1.098901098901e-01   5.568731705991e-01
   1.108891108891e-01   5.591866640990e-01
   1.118881118881e-01   5.614672310240e-01
   1.128871128871e-01   5.637151986735e-01
   1.138861138861e-01   5.659308910932e-01
   1.148851148851e-01   5.681146291078e-01
   1.158841158841e-01   5.702667303529e-01
   1.168831168831e-01   5.723875093067e-01
   1.178821178821e-01   5.744772773213e-01
   1.188811188811e-01   5.765363426542e-01
   1.198801198801e-01   5.785650104983e-01
   1.208791208791e-01   5.805635830132e-01
   1.218781218781e-01   5.825323593546e-01
   1.228771228771e-01   5.844716357048e-01
   1.238761238761e-01   5.863817053018e-01
   1.248751248751e-01   5.882628584688e-01
   1.258741258741e-01   5.901153826430e-01
   1.268731268731e-01   5.919395624046e-01
   1.278721278721e-01   5.937356795047e-01
   1.288711288711e-01   5.955040128941e-01
   1.298701298701e-01   5.972448387504e-01
   1.308691308691e-01   5.989584305061e-01
   1.318681318681e-01   6.006450588757e-01
   1.328671328671e-01   6.023049918826e-01
   1.338661338661e-01   6.039384948862e-01
   1.348651348651e-01   6.055458306078e-01
   1.358641358641e-01   6.071272591576e-01
   1.368631368631e-01   6.086830380600e-01
   1.378621378621e-01   6.102134222795e-01
   1.388611388611e-01   6.117186642462e-01
   1.398601398601e-01   6.131990138812e-01
   1.408591408591e-01   6.146547186209e-01
   1.418581418581e-01   6.160860234425e-01
   1.428571428571e-01   6.174931708880e-01
   1.438561438561e-01   6.188764010881e-01
   1.448551448551e-01   6.202359517871e-01
   1.458541458541e-01   6.215720583656e-01
   1.468531468531e-01   6.228849538647e-01
   1.478521478521e-01   6.241748690088e-01
   1.488511488511e-01   6.254420322291e-01
   1.498501498501e-01   6.266866696859e-01
   1.508491508492e-01   6.279090052916e-01
   1.518481518482e-01   6.291092607326e-01
   1.528471528472e-01   6.302876554920e-01
   1.538461538462e-01   6.314444068708e-01
   1.548451548452e-01   6.325797300104e-01
   1.558441558442e-01   6.336938379132e-01
   1.568431568432e-01   6.347869414646e-01
   1.578421578422e-01   6.358592494536e-01
   1.588411588412e-01   6.369109685938e-01
   1.598401598402e-01   6.379423035441e-01
   1.608391608392e-01   6.389534569290e-01
   1.618381618382e-01   6.399446293587e-01
   1.628371628372e-01   6.409160194495e-01
   1.638361638362e-01   6.418678238432e-01
   1.648351648352e-01   6.428002372271e-01
   1.658341658342e-01   6.437134523532e-01
   1.668331668332e-01   6.446076600574e-01
   1.678321678322e-01   6.454830492788e-01
   1.688311688312e-01   6.463398070783e-01
   1.698301698302e-01   6.471781186572e-01
   1.708291708292e-01   6.479981673763e-01
   1.718281718282e-01   6.488001347732e-01
   1.728271728272e-01   6.495842005813e-01
   1.738261738262e-01   6.503505427474e-01
   1.748251748252e-01   6.510993374494e-01
   1.758241758242e-01   6.518307591138e-01
   1.768231768232e-01   6.525449804335e-01
   1.778221778222e-01   6.532421723846e-01
   1.788211788212e-01   6.539225042437e-01
   1.798201798202e-01   6.545861436048e-01
   1.808191808192e-01   6.552332563960e-01
   1.818181818182e-01   6.558640068958e-01
   1.828171828172e-01   6.564785577500e-01
   1.838161838162e-01   6.570770699875e-01
   1.848151848152e-01   6.576597030367e-01
   1.858141858142e-01   6.582266147409e-01
   1.868131868132e-01   6.587779613747e-01
   1.878121878122e-01   6.593138976591e-01
   1.888111888112e-01   6.598345767774e-01
   1.898101898102e-01   6.603401503900e-01
   1.908091908092e-01   6.608307686496e-01
   1.918081918082e-01   6.613065802167e-01
   1.928071928072e-01   6.617677322739e-01
   1.938061938062e-01   6.622143705407e-01
   1.948051948052e-01   6.626466392883e-01
   1.958041958042e-01   6.630646813535e-01
   1.968031968032e-01   6.634686381535e-01
   1.978021978022e-01   6.638586496998e-01
   1.988011988012e-01   6.642348546120e-01
   1.998001998002e-01   6.645973901319e-01
   2.007992007992e-01   6.649463921370e-01
   2.017982017982e-01   6.652819951541e-01
   2.027972027972e-01   6.656043323730e-01
   2.037962037962e-01   6.659135356592e-01
   2.047952047952e-01   6.662097355677e-01
   2.057942057942e-01   6.664930613556e-01
   2.067932067932e-01   6.667636409953e-01
   2.077922077922e-01   6.670216011870e-01
   2.087912087912e-01   6.672670673715e-01
   2.097902097902e-01   6.675001637426e-01
   2.107892107892e-01   6.677210132597e-01
   2.117882117882e-01   6.679297376600e-01
   2.127872127872e-01   6.681264574703e-01
   2.137862137862e-01   6.683112920197e-01
   2.147852147852e-01   6.684843594509e-01
   2.157842157842e-01   6.686457767323e-01
   2.167832167832e-01   6.687956596696e-01
   2.177822177822e-01   6.689341229173e-01
   2.187812187812e-01   6.690612799905e-01
   2.197802197802e-01   6.691772432754e-01
   2.207792207792e-01   6.692821240415e-01
   2.217782217782e-01   6.693760324520e-01
   2.227772227772e-01   6.694590775753e-01
   2.237762237762e-01   6.695313673952e-01
   2.247752247752e-01   6.695930088227e-01
   2.257742257742e-01   6.696441077055e-01
   2.267732267732e-01   6.696847688395e-01
   2.277722277722e-01   6.697150959788e-01
   2.287712287712e-01   6.697351918462e-01
   2.297702297702e-01   6.697451581433e-01
   2.307692307692e-01   6.697450955608e-01
   2.317682317682e-01   6.697351037886e-01
   2.327672327672e-01   6.697152815255e-01
   2.337662337662e-01   6.696857264893e-01
   2.347652347652e-01   6.696465354265e-01
   2.357642357642e-01   6.695978041219e-01
   2.367632367632e-01   6.695396274080e-01
   2.377622377622e-01   6.694720991749e-01
   2.387612387612e-01   6.693953123792e-01
   2.397602397602e-01   6.693093590535e-01
   2.407592407592e-01   6.692143303158e-01
   2.417582417582e-01   6.691103163781e-01
   2.427572427572e-01   6.689974065558e-01
   2.437562437562e-01   6.688756892764e-01
   2.447552447552e-01   6.687452520885e-01
   2.457542457542e-01   6.686061816703e-01
   2.467532467532e-01   6.684585638386e-01
   2.477522477522e-01   6.683024835570e-01
   2.487512487512e-01   6.681380249446e-01
   2.497502497502e-01   6.679652712843e-01
   2.507492507493e-01   6.677843050311e-01
   2.517482517483e-01   6.675952078206e-01
   2.527472527473e-01   6.673980604766e-01
   2.537462537463e-01   6.671929430197e-01
   2.547452547453e-01   6.669799346750e-01
   2.557442557443e-01   6.667591138802e-01
   2.567432567433e-01   6.665305582931e-01
   2.577422577423e-01   6.662943447997e-01
   2.587412587413e-01   6.660505495217e-01
   2.597402597403e-01   6.657992478241e-01
   2.607392607393e-01   6.655405143228e-01
   2.617382617383e-01   6.652744228920e-01
   2.627372627373e-01   6.650010466715e-01
   2.637362637363e-01   6.647204580741e-01
   2.647352647353e-01   6.644327287930e-01
   2.657342657343e-01   6.641379298083e-01
   2.667332667333e-01   6.638361313950e-01
   2.677322677323e-01   6.635274031292e-01
   2.687312687313e-01   6.632118138957e-01
   2.697302697303e-01   6.628894318943e-01
   2.707292707293e-01   6.625603246470e-01
   2.717282717283e-01   6.622245590046e-01
   2.727272727273e-01   6.618822011534e-01
   2.737262737263e-01   6.615333166217e-01
   2.747252747253e-01   6.611779702867e-01
   2.757242757243e-01   6.608162263803e-01
   2.767232767233e-01   6.604481484962e-01
   2.777222777223e-01   6.600737995959e-01
   2.787212787213e-01   6.596932420149e-01
   2.797202797203e-01   6.593065374694e-01
   2.807192807193e-01   6.589137470619e-01
   2.817182817183e-01   6.585149312874e-01
   2.827172827173e-01   6.581101500397e-01
   2.837162837163e-01   6.576994626175e-01
   2.847152847153e-01   6.572829277295e-01
   2.857142857143e-01   6.568606035013e-01
   2.867132867133e-01   6.564325474805e-01
   2.877122877123e-01   6.559988166426e-01
   2.887112887113e-01   6.555594673970e-01
   2.897102897103e-01   6.551145555922e-01
   2.907092907093e-01   6.546641365215e-01
   2.917082917083e-01   6.542082649287e-01
   2.927072927073e-01   6.537469950132e-01
   2.937062937063e-01   6.532803804361e-01
   2.947052947053e-01   6.528084743246e-01
   2.957042957043e-01   6.523313292781e-01
   2.967032967033e-01   6.518489973730e-01
   2.977022977023e-01   6.513615301682e-01
   2.987012987013e-01   6.508689787099e-01
   2.997002997003e-01   6.503713935370e-01
   3.006993006993e-01   6.498688246860e-01
   3.016983016983e-01   6.493613216961e-01
   3.026973026973e-01   6.488489336139e-01
   3.036963036963e-01   6.483317089987e-01
   3.046953046953e-01   6.478096959268e-01
   3.056943056943e-01   6.472829419969e-01
   3.066933066933e-01   6.467514943344e-01
   3.076923076923e-01   6.462153995964e-01
   3.086913086913e-01   6.456747039759e-01
   3.096903096903e-01   6.451294532071e-01
   3.106893106893e-01   6.445796925693e-01
   3.116883116883e-01   6.440254668920e-01
   3.126873126873e-01   6.434668205589e-01
   3.136863136863e-01   6.429037975124e-01
   3.146853146853e-01   6.423364412583e-01
   3.156843156843e-01   6.417647948699e-01
   3.166833166833e-01   6.411889009924e-01
   3.176823176823e-01   6.406088018469e-01
   3.186813186813e-01   6.400245392349e-01
   3.196803196803e-01   6.394361545425e-01
   3.206793206793e-01   6.388436887442e-01
   3.216783216783e-01   6.382471824075e-01
   3.226773226773e-01   6.376466756963e-01
   3.236763236763e-01   6.370422083754e-01
   3.246753246753e-01   6.364338198145e-01
   3.256743256743e-01   6.358215489917e-01
   3.266733266733e-01   6.352054344979e-01
   3.276723276723e-01   6.345855145400e-01
   3.286713286713e-01   6.339618269456e-01
   3.296703296703e-01   6.333344091659e-01
   3.306693306693e-01   6.327032982800e-01
   3.316683316683e-01   6.320685309984e-01
   3.326673326673e-01   6.314301436667e-01
   3.336663336663e-01   6.307881722692e-01
   3.346653346653e-01   6.301426524325e-01
   3.356643356643e-01   6.294936194290e-01
   3.366633366633e-01   6.288411081807e-01
   3.376623376623e-01   6.281851532621e-01
   3.386613386613e-01   6.275257889044e-01
   3.396603396603e-01   6.268630489983e-01
   3.406593406593e-01   6.261969670976e-01
   3.416583416583e-01   6.255275764228e-01
   3.426573426573e-01   6.248549098640e-01
   3.436563436563e-01   6.241789999843e-01
   3.446553446553e-01   6.234998790233e-01
   3.456543456543e-01   6.228175788999e-01
   3.466533466533e-01   6.221321312160e-01
   3.476523476523e-01   6.214435672591e-01
   3.486513486513e-01   6.207519180059e-01
   3.496503496503e-01   6.200572141251e-01
   3.506493506494e-01   6.193594859805e-01
   3.516483516484e-01   6.186587636341e-01
   3.526473526474e-01   6.179550768491e-01
   3.536463536464e-01   6.172484550928e-01
   3.546453546454e-01   6.165389275397e-01
   3.556443556444e-01   6.158265230742e-01
   3.566433566434e-01   6.151112702936e-01
   3.576423576424e-01   6.143931975110e-01
   3.586413586414e-01   6.136723327578e-01
   3.596403596404e-01   6.129487037872e-01
   3.606393606394e-01   6.122223380761e-01
   3.616383616384e-01   6.114932628285e-01
   3.626373626374e-01   6.107615049780e-01
   3.636363636364e-01   6.100270911904e-01
   3.646353646354e-01   6.092900478664e-01
   3.656343656344e-01   6.085504011443e-01
   3.666333666334e-01   6.078081769027e-01
   3.676323676324e-01   6.070634007627e-01
   3.686313686314e-01   6.063160980910e-01
   3.696303696304e-01   6.055662940020e-01
   3.706293706294e-01   6.048140133604e-01
   3.716283716284e-01   6.040592807839e-01
   3.726273726274e-01   6.033021206454e-01
   3.736263736264e-01   6.025425570755e-01
   3.746253746254e-01   6.017806139651e-01
   3.756243756244e-01   6.010163149672e-01
   3.766233766234e-01   6.002496835003e-01
   3.776223776224e-01   5.994807427495e-01
   3.786213786214e-01   5.987095156699e-01
   3.796203796204e-01   5.979360249882e-01
   3.806193806194e-01   5.971602932052e-01
   3.816183816184e-01   5.963823425981e-01
   3.826173826174e-01   5.956021952226e-01
   3.836163836164e-01   5.948198729152e-01
   3.846153846154e-01   5.940353972953e-01
   3.856143856144e-01   5.932487897674e-01
   3.866133866134e-01   5.924600715233e-01
   3.876123876124e-01   5.916692635441e-01
   3.886113886114e-01   5.908763866024e-01
   3.896103896104e-01   5.900814612641e-01
   3.906093906094e-01   5.892845078909e-01
   3.916083916084e-01   5.884855466420e-01
   3.926073926074e-01   5.876845974764e-01
   3.936063936064e-01   5.868816801543e-01
   3.946053946054e-01   5.860768142399e-01
   3.956043956044e-01   5.852700191026e-01
   3.966033966034e-01   5.844613139196e-01
   3.976023976024e-01   5.836507176771e-01
   3.986013986014e-01   5.828382491728e-01
   3.996003996004e-01   5.820239270175e-01
   4.005994005994e-01   5.812077696371e-01
   4.015984015984e-01   5.803897952741e-01
   4.025974025974e-01   5.795700219899e-01
   4.035964035964e-01   5.787484676662e-01
   4.045954045954e-01   5.779251500071e-01
   4.055944055944e-01   5.771000865406e-01
   4.065934065934e-01   5.762732946205e-01
   4.075924075924e-01   5.754447914281e-01
   4.085914085914e-01   5.746145939740e-01
   4.095904095904e-01   5.737827190995e-01
   4.105894105894e-01   5.729491834787e-01
   4.115884115884e-01   5.721140036199e-01
   4.125874125874e-01   5.712771958672e-01
   4.135864135864e-01   5.704387764023e-01
   4.145854145854e-01   5.695987612462e-01
   4.155844155844e-01   5.687571662604e-01
   4.165834165834e-01   5.679140071489e-01
   4.175824175824e-01   5.670692994594e-01
   4.185814185814e-01   5.662230585854e-01
   4.195804195804e-01   5.653752997671e-01
   4.205794205794e-01   5.645260380932e-01
   4.215784215784e-01   5.636752885026e-01
   4.225774225774e-01   5.628230657855e-01
   4.235764235764e-01   5.619693845853e-01
   4.245754245754e-01   5.611142593997e-01
   4.255744255744e-01   5.602577045822e-01
   4.265734265734e-01   5.593997343439e-01
   4.275724275724e-01   5.585403627544e-01
   4.285714285714e-01   5.576796037434e-01
   4.295704295704e-01   5.568174711025e-01
   4.305694305694e-01   5.559539784857e-01
   4.315684315684e-01   5.550891394117e-01
   4.325674325674e-01   5.542229672646e-01
   4.335664335664e-01   5.533554752956e-01
   4.345654345654e-01   5.524866766239e-01
   4.355644355644e-01   5.516165842387e-01
   4.365634365634e-01   5.507452109997e-01
   4.375624375624e-01   5.498725696391e-01
   4.385614385614e-01   5.489986727622e-01
   4.395604395604e-01   5.481235328493e-01
   4.405594405594e-01   5.472471622565e-01
   4.415584415584e-01   5.463695732171e-01
   4.425574425574e-01   5.454907778428e-01
   4.435564435564e-01   5.446107881248e-01
   4.445554445554e-01   5.437296159354e-01
   4.455544455544e-01   5.428472730285e-01
   4.465534465534e-01   5.419637710415e-01
   4.475524475524e-01   5.410791214958e-01
   4.485514485514e-01   5.401933357987e-01
   4.495504495504e-01   5.393064252436e-01
   4.505494505495e-01   5.384184010121e-01
   4.515484515485e-01   5.375292741743e-01
   4.525474525475e-01   5.366390556905e-01
   4.535464535465e-01   5.357477564119e-01
   4.545454545455e-01   5.348553870820e-01
   4.555444555445e-01   5.339619583373e-01
   4.565434565435e-01   5.330674807088e-01
   4.575424575425e-01   5.321719646225e-01
   4.585414585415e-01   5.312754204012e-01
   4.595404595405e-01   5.303778582646e-01
   4.605394605395e-01   5.294792883312e-01
   4.615384615385e-01   5.285797206188e-01
   4.625374625375e-01   5.276791650455e-01
   4.635364635365e-01   5.267776314309e-01
   4.645354645355e-01   5.258751294972e-01
   4.655344655345e-01   5.249716688695e-01
   4.665334665335e-01   5.240672590776e-01
   4.675324675325e-01   5.231619095565e-01
   4.685314685315e-01   5.222556296473e-01
   4.695304695305e-01   5.213484285984e-01
   4.705294705295e-01   5.204403155660e-01
   4.715284715285e-01   5.195312996157e-01
   4.725274725275e-01   5.186213897226e-01
   4.735264735265e-01   5.177105947727e-01
   4.745254745255e-01   5.167989235639e-01
   4.755244755245e-01   5.158863848063e-01
   4.765234765235e-01   5.149729871236e-01
   4.775224775225e-01   5.140587390537e-01
   4.785214785215e-01   5.131436490498e-01
   4.795204795205e-01   5.122277254809e-01
   4.805194805195e-01   5.113109766329e-01
   4.815184815185e-01   5.103934107093e-01
   4.825174825175e-01   5.094750358319e-01
   4.835164835165e-01   5.085558600422e-01
   4.845154845155e-01   5.076358913012e-01
   4.855144855145e-01   5.067151374913e-01
   4.865134865135e-01   5.057936064162e-01
   4.875124875125e-01   5.048713058021e-01
   4.885114885115e-01   5.039482432984e-01
   4.895104895105e-01   5.030244264786e-01
   4.905094905095e-01   5.020998628408e-01
   4.915084915085e-01   5.011745598084e-01
   4.925074925075e-01   5.002485247315e-01
   4.935064935065e-01   4.993217648865e-01
   4.945054945055e-01   4.983942874780e-01
   4.955044955045e-01   4.974660996387e-01
   4.965034965035e-01   4.965372084305e-01
   4.975024975025e-01   4.956076208451e-01
   4.985014985015e-01   4.946773438047e-01
   4.995004995005e-01   4.937463841626e-01
   5.004995004995e-01   4.928147487040e-01
   5.014985014985e-01   4.918824441469e-01
   5.024975024975e-01   4.909494771421e-01
   5.034965034965e-01   4.900158542747e-01
   5.044955044955e-01   4.890815820641e-01
   5.054945054945e-01   4.881466669648e-01
   5.064935064935e-01   4.872111153675e-01
   5.074925074925e-01   4.862749335991e-01
   5.084915084915e-01   4.853381279236e-01
   5.094905094905e-01   4.844007045429e-01
   5.104895104895e-01   4.834626695971e-01
   5.114885114885e-01   4.825240291654e-01
   5.124875124875e-01   4.815847892664e-01
   5.134865134865e-01   4.806449558590e-01
   5.144855144855e-01   4.797045348429e-01
   5.154845154845e-01   4.787635320591e-01
   5.164835164835e-01   4.778219532904e-01
   5.174825174825e-01   4.768798042623e-01
   5.184815184815e-01   4.759370906434e-01
   5.194805194805e-01   4.749938180458e-01
   5.204795204795e-01   4.740499920260e-01
   5.214785214785e-01   4.731056180851e-01
   5.224775224775e-01   4.721607016697e-01
   5.234765234765e-01   4.712152481719e-01
   5.244755244755e-01   4.702692629307e-01
   5.254745254745e-01   4.693227512317e-01
   5.264735264735e-01   4.683757183079e-01
   5.274725274725e-01   4.674281693406e-01
   5.284715284715e-01   4.664801094594e-01
   5.294705294705e-01   4.655315437428e-01
   5.304695304695e-01   4.645824772190e-01
   5.314685314685e-01   4.636329148662e-01
   5.324675324675e-01   4.626828616131e-01
   5.334665334665e-01   4.617323223393e-01
   5.344655344655e-01   4.607813018760e-01
   5.354645354645e-01   4.598298050064e-01
   5.364635364635e-01   4.588778364660e-01
   5.374625374625e-01   4.579254009435e-01
   5.384615384615e-01   4.569725030808e-01
   5.394605394605e-01   4.560191474735e-01
   5.404595404595e-01   4.550653386720e-01
   5.414585414585e-01   4.541110811809e-01
   5.424575424575e-01   4.531563794605e-01
   5.434565434565e-01   4.522012379264e-01
   5.444555444555e-01   4.512456609506e-01
   5.454545454545e-01   4.502896528615e-01
   5.464535464535e-01   4.493332179444e-01
   5.474525474525e-01   4.483763604422e-01
   5.484515484515e-01   4.474190845553e-01
   5.494505494505e-01   4.464613944428e-01
   5.504495504496e-01   4.455032942222e-01
   5.514485514486e-01   4.445447879699e-01
   5.524475524476e-01   4.435858797221e-01
   5.534465534466e-01   4.426265734748e-01
   5.544455544456e-01   4.416668731840e-01
   5.554445554446e-01   4.407067827669e-01
   5.564435564436e-01   4.397463061012e-01
   5.574425574426e-01   4.387854470265e-01
   5.584415584416e-01   4.378242093440e-01
   5.594405594406e-01   4.368625968171e-01
   5.604395604396e-01   4.359006131719e-01
   5.614385614386e-01   4.349382620974e-01
   5.624375624376e-01   4.339755472460e-01
   5.634365634366e-01   4.330124722338e-01
   5.644355644356e-01   4.320490406407e-01
   5.654345654346e-01   4.310852560113e-01
   5.664335664336e-01   4.301211218550e-01
   5.674325674326e-01   4.291566416460e-01
   5.684315684316e-01   4.281918188243e-01
   5.694305694306e-01   4.272266567956e-01
   5.704295704296e-01   4.262611589315e-01
   5.714285714286e-01   4.252953285705e-01
   5.724275724276e-01   4.243291690176e-01
   5.734265734266e-01   4.233626835451e-01
   5.744255744256e-01   4.223958753927e-01
   5.754245754246e-01   4.214287477680e-01
   5.764235764236e-01   4.204613038466e-01
   5.774225774226e-01   4.194935467726e-01
   5.784215784216e-01   4.185254796587e-01
   5.794205794206e-01   4.175571055870e-01
   5.804195804196e-01   4.165884276085e-01
   5.814185814186e-01   4.156194487443e-01
   5.824175824176e-01   4.146501719852e-01
   5.834165834166e-01   4.136806002924e-01
   5.844155844156e-01   4.127107365976e-01
   5.854145854146e-01   4.117405838034e-01
   5.864135864136e-01   4.107701447835e-01
   5.874125874126e-01   4.097994223831e-01
   5.884115884116e-01   4.088284194191e-01
   5.894105894106e-01   4.078571386802e-01
   5.904095904096e-01   4.068855829278e-01
   5.914085914086e-01   4.059137548955e-01
   5.924075924076e-01   4.049416572898e-01
   5.934065934066e-01   4.039692927904e-01
   5.944055944056e-01   4.029966640503e-01
   5.954045954046e-01   4.020237736961e-01
   5.964035964036e-01   4.010506243282e-01
   5.974025974026e-01   4.000772185215e-01
   5.984015984016e-01   3.991035588249e-01
   5.994005994006e-01   3.981296477622e-01
   6.003996003996e-01   3.971554878321e-01
   6.013986013986e-01   3.961810815083e-01
   6.023976023976e-01   3.952064312401e-01
   6.033966033966e-01   3.942315394523e-01
   6.043956043956e-01   3.932564085457e-01
   6.053946053946e-01   3.922810408973e-01
   6.063936063936e-01   3.913054388603e-01
   6.073926073926e-01   3.903296047645e-01
   6.083916083916e-01   3.893535409168e-01
   6.093906093906e-01   3.883772496009e-01
   6.103896103896e-01   3.874007330779e-01
   6.113886113886e-01   3.864239935864e-01
   6.123876123876e-01   3.854470333428e-01
   6.133866133866e-01   3.844698545415e-01
   6.143856143856e-01   3.834924593549e-01
   6.153846153846e-01   3.825148499340e-01
   6.163836163836e-01   3.815370284084e-01
   6.173826173826e-01   3.805589968864e-01
   6.183816183816e-01   3.795807574554e-01
   6.193806193806e-01   3.786023121821e-01
   6.203796203796e-01   3.776236631127e-01
   6.213786213786e-01   3.766448122729e-01
   6.223776223776e-01   3.756657616684e-01
   6.233766233766e-01   3.746865132849e-01
   6.243756243756e-01   3.737070690883e-01
   6.253746253746e-01   3.727274310252e-01
   6.263736263736e-01   3.717476010226e-01
   6.273726273726e-01   3.707675809884e-01
   6.283716283716e-01   3.697873728116e-01
   6.293706293706e-01   3.688069783624e-01
   6.303696303696e-01   3.678263994924e-01
   6.313686313686e-01   3.668456380348e-01
   6.323676323676e-01   3.658646958045e-01
   6.333666333666e-01   3.648835745985e-01
   6.343656343656e-01   3.639022761959e-01
   6.353646353646e-01   3.629208023580e-01
   6.363636363636e-01   3.619391548287e-01
   6.373626373626e-01   3.609573353345e-01
   6.383616383616e-01   3.599753455849e-01
   6.393606393606e-01   3.589931872722e-01
   6.403596403596e-01   3.580108620720e-01
   6.413586413586e-01   3.570283716431e-01
   6.423576423576e-01   3.560457176281e-01
   6.433566433566e-01   3.550629016529e-01
   6.443556443556e-01   3.540799253276e-01
   6.453546453546e-01   3.530967902460e-01
   6.463536463536e-01   3.521134979862e-01
   6.473526473526e-01   3.511300501107e-01
   6.483516483516e-01   3.501464481663e-01
   6.493506493506e-01   3.491626936844e-01
   6.503496503497e-01   3.481787881814e-01
   6.513486513487e-01   3.471947331584e-01
   6.523476523477e-01   3.462105301017e-01
   6.533466533467e-01   3.452261804828e-01
   6.543456543457e-01   3.442416857585e-01
   6.553446553447e-01   3.432570473714e-01
   6.563436563437e-01   3.422722667493e-01
   6.573426573427e-01   3.412873453061e-01
   6.583416583417e-01   3.403022844418e-01
   6.593406593407e-01   3.393170855420e-01
   6.603396603397e-01   3.383317499790e-01
   6.613386613387e-01   3.373462791113e-01
   6.623376623377e-01   3.363606742837e-01
   6.633366633367e-01   3.353749368279e-01
   6.643356643357e-01   3.343890680623e-01
   6.653346653347e-01   3.334030692920e-01
   6.663336663337e-01   3.324169418094e-01
   6.673326673327e-01   3.314306868940e-01
   6.683316683317e-01   3.304443058124e-01
   6.693306693307e-01   3.294577998187e-01
   6.703296703297e-01   3.284711701547e-01
   6.713286713287e-01   3.274844180496e-01
   6.723276723277e-01   3.264975447206e-01
   6.733266733267e-01   3.255105513726e-01
   6.743256743257e-01   3.245234391987e-01
   6.753246753247e-01   3.235362093799e-01
   6.763236763237e-01   3.225488630859e-01
   6.773226773227e-01   3.215614014742e-01
   6.783216783217e-01   3.205738256913e-01
   6.793206793207e-01   3.195861368721e-01
   6.803196803197e-01   3.185983361400e-01
   6.813186813187e-01   3.176104246077e-01
   6.823176823177e-01   3.166224033764e-01
   6.833166833167e-01   3.156342735366e-01
   6.843156843157e-01   3.146460361679e-01
   6.853146853147e-01   3.136576923392e-01
   6.863136863137e-01   3.126692431086e-01
   6.873126873127e-01   3.116806895241e-01
   6.883116883117e-01   3.106920326227e-01
   6.893106893107e-01   3.097032734316e-01
   6.903096903097e-01   3.087144129676e-01
   6.913086913087e-01   3.077254522372e-01
   6.923076923077e-01   3.067363922372e-01
   6.933066933067e-01   3.057472339544e-01
   6.943056943057e-01   3.047579783657e-01
   6.953046953047e-01   3.037686264383e-01
   6.963036963037e-01   3.027791791300e-01
   6.973026973027e-01   3.017896373887e-01
   6.983016983017e-01   3.008000021532e-01
   6.993006993007e-01   2.998102743529e-01
   7.002997002997e-01   2.988204549078e-01
   7.012987012987e-01   2.978305447290e-01
   7.022977022977e-01   2.968405447184e-01
   7.032967032967e-01   2.958504557688e-01
   7.042957042957e-01   2.948602787645e-01
   7.052947052947e-01   2.938700145806e-01
   7.062937062937e-01   2.928796640838e-01
   7.072927072927e-01   2.918892281321e-01
   7.082917082917e-01   2.908987075748e-01
   7.092907092907e-01   2.899081032530e-01
   7.102897102897e-01   2.889174159994e-01
   7.112887112887e-01   2.879266466383e-01
   7.122877122877e-01   2.869357959858e-01
   7.132867132867e-01   2.859448648501e-01
   7.142857142857e-01   2.849538540311e-01
   7.152847152847e-01   2.839627643210e-01
   7.162837162837e-01   2.829715965039e-01
   7.172827172827e-01   2.819803513562e-01
   7.182817182817e-01   2.809890296466e-01
   7.192807192807e-01   2.799976321362e-01
   7.202797202797e-01   2.790061595785e-01
   7.212787212787e-01   2.780146127194e-01
   7.222777222777e-01   2.770229922975e-01
   7.232767232767e-01   2.760312990440e-01
   7.242757242757e-01   2.750395336830e-01
   7.252747252747e-01   2.740476969312e-01
   7.262737262737e-01   2.730557894982e-01
   7.272727272727e-01   2.720638120866e-01
   7.282717282717e-01   2.710717653920e-01
   7.292707292707e-01   2.700796501032e-01
   7.302697302697e-01   2.690874669019e-01
   7.312687312687e-01   2.680952164632e-01
   7.322677322677e-01   2.671028994556e-01
   7.332667332667e-01   2.661105165406e-01
   7.342657342657e-01   2.651180683735e-01
   7.352647352647e-01   2.641255556028e-01
   7.362637362637e-01   2.631329788708e-01
   7.372627372627e-01   2.621403388133e-01
   7.382617382617e-01   2.611476360596e-01
   7.392607392607e-01   2.601548712331e-01
   7.402597402597e-01   2.591620449507e-01
   7.412587412587e-01   2.581691578233e-01
   7.422577422577e-01   2.571762104558e-01
   7.432567432567e-01   2.561832034470e-01
   7.442557442557e-01   2.551901373896e-01
   7.452547452547e-01   2.541970128708e-01
   7.462537462537e-01   2.532038304715e-01
   7.472527472527e-01   2.522105907671e-01
   7.482517482517e-01   2.512172943273e-01
   7.492507492507e-01   2.502239417161e-01
   7.502497502498e-01   2.492305334917e-01
   7.512487512488e-01   2.482370702070e-01
   7.522477522478e-01   2.472435524094e-01
   7.532467532468e-01   2.462499806406e-01
   7.542457542458e-01   2.452563554372e-01
   7.552447552448e-01   2.442626773304e-01
   7.562437562438e-01   2.432689468459e-01
   7.572427572428e-01   2.422751645045e-01
   7.582417582418e-01   2.412813308216e-01
   7.592407592408e-01   2.402874463076e-01
   7.602397602398e-01   2.392935114678e-01
   7.612387612388e-01   2.382995268023e-01
   7.622377622378e-01   2.373054928066e-01
   7.632367632368e-01   2.363114099708e-01
   7.642357642358e-01   2.353172787806e-01
   7.652347652348e-01   2.343230997166e-01
   7.662337662338e-01   2.333288732546e-01
   7.672327672328e-01   2.323345998659e-01
   7.682317682318e-01   2.313402800168e-01
   7.692307692308e-01   2.303459141692e-01
   7.702297702298e-01   2.293515027803e-01
   7.712287712288e-01   2.283570463029e-01
   7.722277722278e-01   2.273625451851e-01
   7.732267732268e-01   2.263679998707e-01
   7.742257742258e-01   2.253734107989e-01
   7.752247752248e-01   2.243787784048e-01
   7.762237762238e-01   2.233841031190e-01
   7.772227772228e-01   2.223893853678e-01
   7.782217782218e-01   2.213946255734e-01
   7.792207792208e-01   2.203998241537e-01
   7.802197802198e-01   2.194049815224e-01
   7.812187812188e-01   2.184100980892e-01
   7.822177822178e-01   2.174151742596e-01
   7.832167832168e-01   2.164202104354e-01
   7.842157842158e-01   2.154252070139e-01
   7.852147852148e-01   2.144301643888e-01
   7.862137862138e-01   2.134350829498e-01
   7.872127872128e-01   2.124399630827e-01
   7.882117882118e-01   2.114448051695e-01
   7.892107892108e-01   2.104496095884e-01
   7.902097902098e-01   2.094543767138e-01
   7.912087912088e-01   2.084591069164e-01
   7.922077922078e-01   2.074638005633e-01
   7.932067932068e-01   2.064684580178e-01
   7.942057942058e-01   2.054730796397e-01
   7.952047952048e-01   2.044776657852e-01
   7.962037962038e-01   2.034822168069e-01
   7.972027972028e-01   2.024867330539e-01
   7.982017982018e-01   2.014912148720e-01
   7.992007992008e-01   2.004956626033e-01
   8.001998001998e-01   1.995000765867e-01
   8.011988011988e-01   1.985044571577e-01
   8.021978021978e-01   1.975088046483e-01
   8.031968031968e-01   1.965131193875e-01
   8.041958041958e-01   1.955174017007e-01
   8.051948051948e-01   1.945216519103e-01
   8.061938061938e-01   1.935258703355e-01
   8.071928071928e-01   1.925300572921e-01
   8.081918081918e-01   1.915342130929e-01
   8.091908091908e-01   1.905383380477e-01
   8.101898101898e-01   1.895424324631e-01
   8.111888111888e-01   1.885464966426e-01
   8.121878121878e-01   1.875505308869e-01
   8.131868131868e-01   1.865545354934e-01
   8.141858141858e-01   1.855585107568e-01
   8.151848151848e-01   1.845624569687e-01
   8.161838161838e-01   1.835663744180e-01
   8.171828171828e-01   1.825702633905e-01
   8.181818181818e-01   1.815741241693e-01
   8.191808191808e-01   1.805779570347e-01
   8.201798201798e-01   1.795817622641e-01
   8.211788211788e-01   1.785855401322e-01
   8.221778221778e-01   1.775892909110e-01
   8.231768231768e-01   1.765930148699e-01
   8.241758241758e-01   1.755967122753e-01
   8.251748251748e-01   1.746003833913e-01
   8.261738261738e-01   1.736040284791e-01
   8.271728271728e-01   1.726076477975e-01
   8.281718281718e-01   1.716112416027e-01
   8.291708291708e-01   1.706148101482e-01
   8.301698301698e-01   1.696183536851e-01
   8.311688311688e-01   1.686218724621e-01
   8.321678321678e-01   1.676253667253e-01
   8.331668331668e-01   1.666288367182e-01
   8.341658341658e-01   1.656322826823e-01
   8.351648351648e-01   1.646357048562e-01
   8.361638361638e-01   1.636391034766e-01
   8.371628371628e-01   1.626424787776e-01
   8.381618381618e-01   1.616458309908e-01
   8.391608391608e-01   1.606491603459e-01
   8.401598401598e-01   1.596524670701e-01
   8.411588411588e-01   1.586557513883e-01
   8.421578421578e-01   1.576590135232e-01
   8.431568431568e-01   1.566622536954e-01
   8.441558441558e-01   1.556654721231e-01
   8.451548451548e-01   1.546686690226e-01
   8.461538461538e-01   1.536718446077e-01
   8.471528471528e-01   1.526749990905e-01
   8.481518481518e-01   1.516781326805e-01
   8.491508491508e-01   1.506812455856e-01
   8.501498501499e-01   1.496843380113e-01
   8.511488511489e-01   1.486874101612e-01
   8.521478521479e-01   1.476904622369e-01
   8.531468531469e-01   1.466934944378e-01
   8.541458541459e-01   1.456965069616e-01
   8.551448551449e-01   1.446995000039e-01
   8.561438561439e-01   1.437024737582e-01
   8.571428571429e-01   1.427054284164e-01
   8.581418581419e-01   1.417083641682e-01
   8.591408591409e-01   1.407112812016e-01
   8.601398601399e-01   1.397141797027e-01
   8.611388611389e-01   1.387170598556e-01
   8.621378621379e-01   1.377199218428e-01
   8.631368631369e-01   1.367227658448e-01
   8.641358641359e-01   1.357255920404e-01
   8.651348651349e-01   1.347284006066e-01
   8.661338661339e-01   1.337311917187e-01
   8.671328671329e-01   1.327339655501e-01
   8.681318681319e-01   1.317367222726e-01
   8.691308691309e-01   1.307394620563e-01
   8.701298701299e-01   1.297421850696e-01
   8.711288711289e-01   1.287448914791e-01
   8.721278721279e-01   1.277475814499e-01
   8.731268731269e-01   1.267502551455e-01
   8.741258741259e-01   1.257529127275e-01
   8.751248751249e-01   1.247555543562e-01
   8.761238761239e-01   1.237581801902e-01
   8.771228771229e-01   1.227607903864e-01
   8.781218781219e-01   1.217633851003e-01
   8.791208791209e-01   1.207659644858e-01
   8.801198801199e-01   1.197685286952e-01
   8.811188811189e-01   1.187710778795e-01
   8.821178821179e-01   1.177736121880e-01
   8.831168831169e-01   1.167761317685e-01
   8.841158841159e-01   1.157786367674e-01
   8.851148851149e-01   1.147811273297e-01
   8.861138861139e-01   1.137836035989e-01
   8.871128871129e-01   1.127860657171e-01
   8.881118881119e-01   1.117885138249e-01
   8.891108891109e-01   1.107909480616e-01
   8.901098901099e-01   1.097933685651e-01
   8.911088911089e-01   1.087957754719e-01
   8.921078921079e-01   1.077981689171e-01
   8.931068931069e-01   1.068005490346e-01
   8.941058941059e-01   1.058029159568e-01
   8.951048951049e-01   1.048052698150e-01
   8.961038961039e-01   1.038076107389e-01
   8.971028971029e-01   1.028099388571e-01
   8.981018981019e-01   1.018122542970e-01
   8.991008991009e-01   1.008145571845e-01
   9.000999000999e-01   9.981684764449e-02
   9.010989010989e-01   9.881912580041e-02
   9.020979020979e-01   9.782139177460e-02
   9.030969030969e-01   9.682364568815e-02
   9.040959040959e-01   9.582588766094e-02
   9.050949050949e-01   9.482811781167e-02
   9.060939060939e-01   9.383033625785e-02
   9.070929070929e-01   9.283254311583e-02
   9.080919080919e-01   9.183473850080e-02
   9.090909090909e-01   9.083692252680e-02
   9.100899100899e-01   8.983909530675e-02
   9.110889110889e-01   8.884125695243e-02
   9.120879120879e-01   8.784340757453e-02
   9.130869130869e-01   8.684554728261e-02
   9.140859140859e-01   8.584767618517e-02
   9.150849150849e-01   8.484979438962e-02
   9.160839160839e-01   8.385190200230e-02
   9.170829170829e-01   8.285399912850e-02
   9.180819180819e-01   8.185608587244e-02
   9.190809190809e-01   8.085816233735e-02
   9.200799200799e-01   7.986022862538e-02
   9.210789210789e-01   7.886228483771e-02
   9.220779220779e-01   7.786433107449e-02
   9.230769230769e-01   7.686636743487e-02
   9.240759240759e-01   7.586839401704e-02
   9.250749250749e-01   7.487041091819e-02
   9.260739260739e-01   7.387241823455e-02
   9.270729270729e-01   7.287441606140e-02
   9.280719280719e-01   7.187640449306e-02
   9.290709290709e-01   7.087838362293e-02
   9.300699300699e-01   6.988035354347e-02
   9.310689310689e-01   6.888231434623e-02
   9.320679320679e-01   6.788426612183e-02
   9.330669330669e-01   6.688620896000e-02
   9.340659340659e-01   6.588814294960e-02
   9.350649350649e-01   6.489006817857e-02
   9.360639360639e-01   6.389198473400e-02
   9.370629370629e-01   6.289389270211e-02
   9.380619380619e-01   6.189579216826e-02
   9.390609390609e-01   6.089768321695e-02
   9.400599400599e-01   5.989956593186e-02
   9.410589410589e-01   5.890144039584e-02
   9.420579420579e-01   5.790330669089e-02
   9.430569430569e-01   5.690516489822e-02
   9.440559440559e-01   5.590701509823e-02
   9.450549450549e-01   5.490885737050e-02
   9.460539460539e-01   5.391069179384e-02
   9.470529470529e-01   5.291251844627e-02
   9.480519480519e-01   5.191433740504e-02
   9.490509490509e-01   5.091614874663e-02
   9.500499500499e-01   4.991795254675e-02
   9.510489510490e-01   4.891974888036e-02
   9.520479520480e-01   4.792153782169e-02
   9.530469530470e-01   4.692331944421e-02
   9.540459540460e-01   4.592509382068e-02
   9.550449550450e-01   4.492686102312e-02
   9.560439560440e-01   4.392862112285e-02
   9.570429570430e-01   4.293037419047e-02
   9.580419580420e-01   4.193212029588e-02
   9.590409590410e-01   4.093385950829e-02
   9.600399600400e-01   3.993559189621e-02
   9.610389610390e-01   3.893731752749e-02
   9.620379620380e-01   3.793903646928e-02
   9.630369630370e-01   3.694074878808e-02
   9.640359640360e-01   3.594245454972e-02
   9.650349650350e-01   3.494415381939e-02
   9.660339660340e-01   3.394584666162e-02
   9.670329670330e-01   3.294753314029e-02
   9.680319680320e-01   3.194921331867e-02
   9.690309690310e-01   3.095088725938e-02
   9.700299700300e-01   2.995255502442e-02
   9.710289710290e-01   2.895421667518e-02
   9.720279720280e-01   2.795587227244e-02
   9.730269730270e-01   2.695752187637e-02
   9.740259740260e-01   2.595916554655e-02
   9.750249750250e-01   2.496080334197e-02
   9.760239760240e-01   2.396243532101e-02
   9.770229770230e-01   2.296406154149e-02
   9.780219780220e-01   2.196568206066e-02
   9.790209790210e-01   2.096729693519e-02
   9.800199800200e-01   1.996890622119e-02
   9.810189810190e-01   1.897050997421e-02
   9.820179820180e-01   1.797210824924e-02
   9.830169830170e-01   1.697370110075e-02
   9.840159840160e-01   1.597528858264e-02
   9.850149850150e-01   1.497687074828e-02
   9.860139860140e-01   1.397844765053e-02
   9.870129870130e-01   1.298001934171e-02
   9.880119880120e-01   1.198158587360e-02
   9.890109890110e-01   1.098314729751e-02
   9.900099900100e-01   9.984703664190e-03
   9.910089910090e-01   8.986255023927e-03
   9.920079920080e-01   7.987801426485e-03
   9.930069930070e-01   6.989342921142e-03
   9.940059940060e-01   5.990879556682e-03
   9.950049950050e-01   4.992411381408e-03
   9.960039960040e-01   3.993938443139e-03
   9.970029970030e-01   2.995460789222e-03
   9.980019980020e-01   1.996978466530e-03
   9.990009990010e-01   9.984915214739e-04
   1.000000000000e+00   0.000000000000e+00
