  -5.080051567210e+00
  -5.080051567314e+00
  -5.080051567238e+00
  -5.080051567371e+00
  -5.080051567285e+00
  -5.080051567367e+00
  -5.080051567357e+00
  -5.080051567385e+00
  -5.080051567362e+00
  -5.080051567414e+00
  -5.080051567356e+00
  -5.080051567380e+00
  -5.080051567325e+00
  -5.080051567342e+00
  -5.080051567324e+00
  -5.080051567358e+00
  -5.080051567320e+00
  -5.080051567341e+00
  -5.080051567327e+00
  -5.080051567340e+00
  -5.080051567328e+00
  -5.080051567375e+00
  -5.080051567367e+00
  -5.080051567354e+00
  -5.080051567395e+00
  -5.080051567383e+00
  -5.080051567411e+00
  -5.080051567396e+00
  -5.080051567432e+00
  -5.080051567446e+00
  -5.080051567456e+00
  -5.080051567474e+00
  -5.080051567507e+00
  -5.080051567508e+00
  -5.080051567534e+00
  -5.080051567526e+00
  -5.080051567553e+00
  -5.080051567550e+00
  -5.080051567578e+00
  -5.080051567572e+00
  -5.080051567617e+00
  -5.080051567616e+00
  -5.080051567636e+00
  -5.080051567638e+00
  -5.080051567656e+00
  -5.080051567684e+00
  -5.080051567697e+00
  -5.080051567685e+00
  -5.080051567683e+00
  -5.080051567697e+00
  -5.080051567706e+00
  -5.080051567731e+00
  -5.080051567735e+00
  -5.080051567769e+00
  -5.080051567754e+00
  -5.080051567766e+00
  -5.080051567761e+00
  -5.080051567780e+00
  -5.080051567764e+00
  -5.080051567767e+00
  -5.080051567745e+00
  -5.080051567745e+00
  -5.080051567725e+00
  -5.080051567712e+00
  -5.080051567699e+00
  -5.080051567713e+00
  -5.080051567692e+00
  -5.080051567682e+00
  -5.080051567665e+00
  -5.080051567668e+00
  -5.080051567669e+00
  -5.080051567657e+00
  -5.080051567660e+00
  -5.080051567661e+00
  -5.080051567670e+00
  -5.080051567669e+00
  -5.080051567662e+00
  -5.080051567641e+00
  -5.080051567647e+00
  -5.080051567639e+00
  -5.080051567657e+00
  -5.080051567642e+00
  -5.080051567651e+00
  -5.080051567650e+00
  -5.080051567655e+00
  -5.080051567665e+00
  -5.080051567661e+00
  -5.080051567660e+00
  -5.080051567671e+00
  -5.080051567674e+00
  -5.080051567695e+00
  -5.080051567724e+00
  -5.080051567731e+00
  -5.080051567739e+00
  -5.080051567749e+00
  -5.080051567768e+00
  -5.080051567791e+00
  -5.080051567814e+00
  -5.080051567812e+00
  -5.080051567832e+00
  -5.080051567837e+00
  -5.080051567861e+00
  -5.080051567849e+00
  -5.080051567864e+00
  -5.080051567860e+00
  -5.080051567883e+00
  -5.080051567874e+00
  -5.080051567897e+00
  -5.080051567905e+00
  -5.080051567920e+00
  -5.080051567930e+00
  -5.080051567938e+00
  -5.080051567946e+00
  -5.080051567967e+00
  -5.080051567992e+00
  -5.080051568002e+00
  -5.080051568035e+00
  -5.080051568045e+00
  -5.080051568080e+00
  -5.080051568099e+00
  -5.080051568123e+00
  -5.080051568139e+00
  -5.080051568179e+00
  -5.080051568189e+00
  -5.080051568220e+00
  -5.080051568223e+00
  -5.080051568238e+00
  -5.080051568256e+00
  -5.080051568278e+00
  -5.080051568293e+00
  -5.080051568317e+00
  -5.080051568325e+00
  -5.080051568325e+00
  -5.080051568356e+00
  -5.080051568385e+00
  -5.080051568382e+00
  -5.080051568380e+00
  -5.080051568391e+00
  -5.080051568413e+00
  -5.080051568414e+00
  -5.080051568408e+00
  -5.080051568418e+00
  -5.080051568405e+00
  -5.080051568390e+00
  -5.080051568388e+00
  -5.080051568384e+00
  -5.080051568379e+00
  -5.080051568390e+00
  -5.080051568377e+00
  -5.080051568357e+00
  -5.080051568351e+00
  -5.080051568348e+00
  -5.080051568332e+00
  -5.080051568325e+00
  -5.080051568309e+00
  -5.080051568277e+00
  -5.080051568262e+00
  -5.080051568257e+00
  -5.080051568208e+00
  -5.080051568180e+00
  -5.080051568169e+00
  -5.080051568165e+00
  -5.080051568144e+00
  -5.080051568110e+00
  -5.080051568100e+00
  -5.080051568080e+00
  -5.080051568055e+00
  -5.080051568030e+00
  -5.080051568019e+00
  -5.080051568001e+00
  -5.080051567982e+00
  -5.080051567953e+00
  -5.080051567930e+00
  -5.080051567906e+00
  -5.080051567885e+00
  -5.080051567862e+00
  -5.080051567858e+00
  -5.080051567846e+00
  -5.080051567830e+00
  -5.080051567817e+00
  -5.080051567802e+00
  -5.080051567752e+00
  -5.080051567720e+00
  -5.080051567702e+00
  -5.080051567688e+00
  -5.080051567671e+00
  -5.080051567655e+00
  -5.080051567642e+00
  -5.080051567642e+00
  -5.080051567618e+00
  -5.080051567605e+00
  -5.080051567597e+00
  -5.080051567571e+00
  -5.080051567553e+00
  -5.080051567512e+00
  -5.080051567482e+00
  -5.080051567443e+00
  -5.080051567414e+00
  -5.080051567378e+00
  -5.080051567343e+00
  -5.080051567296e+00
  -5.080051567260e+00
  -5.080051567236e+00
  -5.080051567208e+00
  -5.080051567175e+00
  -5.080051567143e+00
  -5.080051567117e+00
  -5.080051567089e+00
  -5.080051567040e+00
  -5.080051567007e+00
  -5.080051566983e+00
  -5.080051566944e+00
  -5.080051566904e+00
  -5.080051566856e+00
  -5.080051566826e+00
  -5.080051566780e+00
  -5.080051566754e+00
  -5.080051566712e+00
  -5.080051566674e+00
  -5.080051566614e+00
  -5.080051566585e+00
  -5.080051566539e+00
  -5.080051566514e+00
  -5.080051566467e+00
  -5.080051566431e+00
  -5.080051566397e+00
  -5.080051566351e+00
  -5.080051566296e+00
  -5.080051566230e+00
  -5.080051566185e+00
  -5.080051566141e+00
  -5.080051566088e+00
  -5.080051566022e+00
  -5.080051565969e+00
  -5.080051565916e+00
  -5.080051565864e+00
  -5.080051565804e+00
  -5.080051565757e+00
  -5.080051565700e+00
  -5.080051565652e+00
  -5.080051565592e+00
  -5.080051565546e+00
  -5.080051565502e+00
  -5.080051565452e+00
  -5.080051565407e+00
  -5.080051565377e+00
  -5.080051565332e+00
  -5.080051565286e+00
  -5.080051565260e+00
  -5.080051565218e+00
  -5.080051565165e+00
  -5.080051565123e+00
  -5.080051565068e+00
  -5.080051565032e+00
  -5.080051564995e+00
  -5.080051564937e+00
  -5.080051564887e+00
  -5.080051564852e+00
  -5.080051564798e+00
  -5.080051564748e+00
  -5.080051564715e+00
  -5.080051564673e+00
  -5.080051564630e+00
  -5.080051564581e+00
  -5.080051564540e+00
  -5.080051564508e+00
  -5.080051564479e+00
  -5.080051564435e+00
  -5.080051564405e+00
  -5.080051564369e+00
  -5.080051564329e+00
  -5.080051564291e+00
  -5.080051564265e+00
  -5.080051564214e+00
  -5.080051564172e+00
  -5.080051564127e+00
  -5.080051564095e+00
  -5.080051564063e+00
  -5.080051564028e+00
  -5.080051563999e+00
  -5.080051563987e+00
  -5.080051563954e+00
  -5.080051563925e+00
  -5.080051563907e+00
  -5.080051563884e+00
  -5.080051563864e+00
  -5.080051563840e+00
  -5.080051563838e+00
  -5.080051563810e+00
  -5.080051563789e+00
  -5.080051563748e+00
  -5.080051563730e+00
  -5.080051563702e+00
  -5.080051563661e+00
  -5.080051563613e+00
  -5.080051563580e+00
  -5.080051563533e+00
  -5.080051563495e+00
  -5.080051563438e+00
  -5.080051563395e+00
  -5.080051563360e+00
  -5.080051563307e+00
  -5.080051563254e+00
  -5.080051563225e+00
  -5.080051563169e+00
  -5.080051563110e+00
  -5.080051563058e+00
  -5.080051563015e+00
  -5.080051562957e+00
  -5.080051562900e+00
  -5.080051562863e+00
  -5.080051562820e+00
  -5.080051562778e+00
  -5.080051562735e+00
  -5.080051562700e+00
  -5.080051562678e+00
  -5.080051562640e+00
  -5.080051562601e+00
  -5.080051562573e+00
  -5.080051562522e+00
  -5.080051562489e+00
  -5.080051562437e+00
  -5.080051562407e+00
  -5.080051562381e+00
  -5.080051562332e+00
  -5.080051562296e+00
  -5.080051562254e+00
  -5.080051562205e+00
  -5.080051562165e+00
  -5.080051562140e+00
  -5.080051562097e+00
  -5.080051562037e+00
  -5.080051561993e+00
  -5.080051561953e+00
  -5.080051561932e+00
  -5.080051561888e+00
  -5.080051561830e+00
  -5.080051561794e+00
  -5.080051561747e+00
  -5.080051561685e+00
  -5.080051561624e+00
  -5.080051561568e+00
  -5.080051561515e+00
  -5.080051561468e+00
  -5.080051561411e+00
  -5.080051561360e+00
  -5.080051561330e+00
  -5.080051561271e+00
  -5.080051561243e+00
  -5.080051561203e+00
  -5.080051561158e+00
  -5.080051561105e+00
  -5.080051561061e+00
  -5.080051561010e+00
  -5.080051560947e+00
  -5.080051560879e+00
  -5.080051560808e+00
  -5.080051560753e+00
  -5.080051560693e+00
  -5.080051560618e+00
  -5.080051560551e+00
  -5.080051560491e+00
  -5.080051560423e+00
  -5.080051560335e+00
  -5.080051560280e+00
  -5.080051560220e+00
  -5.080051560171e+00
  -5.080051560097e+00
  -5.080051560048e+00
  -5.080051560007e+00
  -5.080051559934e+00
  -5.080051559877e+00
  -5.080051559825e+00
  -5.080051559773e+00
  -5.080051559710e+00
  -5.080051559663e+00
  -5.080051559595e+00
  -5.080051559534e+00
  -5.080051559457e+00
  -5.080051559397e+00
  -5.080051559330e+00
  -5.080051559264e+00
  -5.080051559191e+00
  -5.080051559128e+00
  -5.080051559072e+00
  -5.080051558995e+00
  -5.080051558924e+00
  -5.080051558845e+00
  -5.080051558768e+00
  -5.080051558700e+00
  -5.080051558634e+00
  -5.080051558561e+00
  -5.080051558473e+00
  -5.080051558381e+00
  -5.080051558322e+00
  -5.080051558255e+00
  -5.080051558186e+00
  -5.080051558107e+00
  -5.080051558030e+00
  -5.080051557957e+00
  -5.080051557870e+00
  -5.080051557785e+00
  -5.080051557721e+00
  -5.080051557654e+00
  -5.080051557576e+00
  -5.080051557508e+00
  -5.080051557439e+00
  -5.080051557359e+00
  -5.080051557272e+00
  -5.080051557183e+00
  -5.080051557103e+00
  -5.080051557018e+00
  -5.080051556953e+00
  -5.080051556867e+00
  -5.080051556794e+00
  -5.080051556745e+00
  -5.080051556673e+00
  -5.080051556606e+00
  -5.080051556556e+00
  -5.080051556487e+00
  -5.080051556424e+00
  -5.080051556367e+00
  -5.080051556326e+00
  -5.080051556260e+00
  -5.080051556210e+00
  -5.080051556157e+00
  -5.080051556097e+00
  -5.080051556018e+00
  -5.080051555948e+00
  -5.080051555908e+00
  -5.080051555854e+00
  -5.080051555784e+00
  -5.080051555724e+00
  -5.080051555671e+00
  -5.080051555592e+00
  -5.080051555527e+00
  -5.080051555450e+00
  -5.080051555378e+00
  -5.080051555315e+00
  -5.080051555238e+00
  -5.080051555154e+00
  -5.080051555098e+00
  -5.080051555022e+00
  -5.080051554959e+00
  -5.080051554893e+00
  -5.080051554838e+00
  -5.080051554771e+00
  -5.080051554704e+00
  -5.080051554642e+00
  -5.080051554585e+00
  -5.080051554508e+00
  -5.080051554413e+00
  -5.080051554332e+00
  -5.080051554255e+00
  -5.080051554157e+00
  -5.080051554056e+00
  -5.080051553964e+00
  -5.080051553869e+00
  -5.080051553784e+00
  -5.080051553674e+00
  -5.080051553580e+00
  -5.080051553487e+00
  -5.080051553392e+00
  -5.080051553294e+00
  -5.080051553204e+00
  -5.080051553102e+00
  -5.080051553008e+00
  -5.080051552920e+00
  -5.080051552824e+00
  -5.080051552717e+00
  -5.080051552622e+00
  -5.080051552549e+00
  -5.080051552459e+00
  -5.080051552369e+00
  -5.080051552280e+00
  -5.080051552199e+00
  -5.080051552123e+00
  -5.080051552039e+00
  -5.080051551948e+00
  -5.080051551883e+00
  -5.080051551784e+00
  -5.080051551714e+00
  -5.080051551622e+00
  -5.080051551544e+00
  -5.080051551475e+00
  -5.080051551385e+00
  -5.080051551315e+00
  -5.080051551252e+00
  -5.080051551172e+00
  -5.080051551102e+00
  -5.080051551039e+00
  -5.080051550983e+00
  -5.080051550920e+00
  -5.080051550854e+00
  -5.080051550806e+00
  -5.080051550769e+00
  -5.080051550718e+00
  -5.080051550675e+00
  -5.080051550645e+00
  -5.080051550622e+00
  -5.080051550591e+00
  -5.080051550562e+00
  -5.080051550530e+00
  -5.080051550516e+00
  -5.080051550514e+00
  -5.080051550495e+00
  -5.080051550483e+00
  -5.080051550461e+00
  -5.080051550451e+00
  -5.080051550446e+00
  -5.080051550428e+00
  -5.080051550414e+00
  -5.080051550397e+00
  -5.080051550386e+00
  -5.080051550388e+00
  -5.080051550378e+00
  -5.080051550360e+00
  -5.080051550350e+00
  -5.080051550325e+00
  -5.080051550297e+00
  -5.080051550286e+00
  -5.080051550275e+00
  -5.080051550253e+00
  -5.080051550224e+00
  -5.080051550213e+00
  -5.080051550181e+00
  -5.080051550172e+00
  -5.080051550157e+00
  -5.080051550133e+00
  -5.080051550104e+00
  -5.080051550074e+00
  -5.080051550066e+00
  -5.080051550052e+00
  -5.080051550031e+00
  -5.080051550022e+00
  -5.080051550016e+00
  -5.080051550003e+00
  -5.080051550018e+00
  -5.080051550013e+00
  -5.080051550011e+00
  -5.080051550016e+00
  -5.080051550014e+00
  -5.080051550027e+00
  -5.080051550052e+00
  -5.080051550069e+00
  -5.080051550082e+00
  -5.080051550090e+00
  -5.080051550118e+00
  -5.080051550135e+00
  -5.080051550155e+00
  -5.080051550177e+00
  -5.080051550187e+00
  -5.080051550194e+00
  -5.080051550198e+00
  -5.080051550217e+00
  -5.080051550235e+00
  -5.080051550240e+00
  -5.080051550253e+00
  -5.080051550257e+00
  -5.080051550265e+00
  -5.080051550292e+00
  -5.080051550302e+00
  -5.080051550310e+00
  -5.080051550335e+00
  -5.080051550352e+00
  -5.080051550367e+00
  -5.080051550408e+00
  -5.080051550436e+00
  -5.080051550460e+00
  -5.080051550477e+00
  -5.080051550500e+00
  -5.080051550510e+00
  -5.080051550528e+00
  -5.080051550550e+00
  -5.080051550564e+00
  -5.080051550574e+00
  -5.080051550607e+00
  -5.080051550634e+00
  -5.080051550666e+00
  -5.080051550680e+00
  -5.080051550711e+00
  -5.080051550743e+00
  -5.080051550769e+00
  -5.080051550836e+00
  -5.080051550869e+00
  -5.080051550915e+00
  -5.080051550965e+00
  -5.080051550999e+00
  -5.080051551032e+00
  -5.080051551061e+00
  -5.080051551100e+00
  -5.080051551117e+00
  -5.080051551136e+00
  -5.080051551168e+00
  -5.080051551173e+00
  -5.080051551199e+00
  -5.080051551220e+00
  -5.080051551228e+00
  -5.080051551243e+00
  -5.080051551275e+00
  -5.080051551281e+00
  -5.080051551302e+00
  -5.080051551317e+00
  -5.080051551342e+00
  -5.080051551345e+00
  -5.080051551357e+00
  -5.080051551397e+00
  -5.080051551391e+00
  -5.080051551380e+00
  -5.080051551374e+00
  -5.080051551362e+00
  -5.080051551356e+00
  -5.080051551363e+00
  -5.080051551374e+00
  -5.080051551377e+00
  -5.080051551383e+00
  -5.080051551398e+00
  -5.080051551408e+00
  -5.080051551432e+00
  -5.080051551461e+00
  -5.080051551483e+00
  -5.080051551494e+00
  -5.080051551522e+00
  -5.080051551524e+00
  -5.080051551550e+00
  -5.080051551552e+00
  -5.080051551572e+00
  -5.080051551572e+00
  -5.080051551567e+00
  -5.080051551598e+00
  -5.080051551581e+00
  -5.080051551569e+00
  -5.080051551568e+00
  -5.080051551558e+00
  -5.080051551549e+00
  -5.080051551566e+00
  -5.080051551570e+00
  -5.080051551560e+00
  -5.080051551551e+00
  -5.080051551547e+00
  -5.080051551543e+00
  -5.080051551549e+00
  -5.080051551550e+00
  -5.080051551543e+00
  -5.080051551538e+00
  -5.080051551541e+00
  -5.080051551532e+00
  -5.080051551552e+00
  -5.080051551549e+00
  -5.080051551570e+00
  -5.080051551572e+00
  -5.080051551574e+00
  -5.080051551621e+00
  -5.080051551634e+00
  -5.080051551650e+00
  -5.080051551685e+00
  -5.080051551705e+00
  -5.080051551735e+00
  -5.080051551772e+00
  -5.080051551805e+00
  -5.080051551812e+00
  -5.080051551850e+00
  -5.080051551888e+00
  -5.080051551905e+00
  -5.080051551958e+00
  -5.080051551990e+00
  -5.080051552007e+00
  -5.080051552024e+00
  -5.080051552046e+00
  -5.080051552057e+00
  -5.080051552073e+00
  -5.080051552087e+00
  -5.080051552111e+00
  -5.080051552115e+00
  -5.080051552131e+00
  -5.080051552178e+00
  -5.080051552185e+00
  -5.080051552193e+00
  -5.080051552226e+00
  -5.080051552240e+00
  -5.080051552264e+00
  -5.080051552295e+00
  -5.080051552325e+00
  -5.080051552348e+00
  -5.080051552389e+00
  -5.080051552441e+00
  -5.080051552470e+00
  -5.080051552515e+00
  -5.080051552560e+00
  -5.080051552604e+00
  -5.080051552641e+00
  -5.080051552689e+00
  -5.080051552730e+00
  -5.080051552792e+00
  -5.080051552832e+00
  -5.080051552886e+00
  -5.080051552930e+00
  -5.080051552956e+00
  -5.080051553035e+00
  -5.080051553066e+00
  -5.080051553094e+00
  -5.080051553144e+00
  -5.080051553178e+00
  -5.080051553223e+00
  -5.080051553284e+00
  -5.080051553332e+00
  -5.080051553357e+00
  -5.080051553392e+00
  -5.080051553451e+00
  -5.080051553503e+00
  -5.080051553577e+00
  -5.080051553638e+00
  -5.080051553677e+00
  -5.080051553706e+00
  -5.080051553753e+00
  -5.080051553785e+00
  -5.080051553837e+00
  -5.080051553872e+00
  -5.080051553933e+00
  -5.080051553978e+00
  -5.080051554027e+00
  -5.080051554119e+00
  -5.080051554158e+00
  -5.080051554210e+00
  -5.080051554271e+00
  -5.080051554303e+00
  -5.080051554351e+00
  -5.080051554450e+00
  -5.080051554496e+00
  -5.080051554533e+00
  -5.080051554585e+00
  -5.080051554674e+00
  -5.080051554727e+00
  -5.080051554810e+00
  -5.080051554882e+00
  -5.080051554932e+00
  -5.080051554986e+00
  -5.080051555057e+00
  -5.080051555115e+00
  -5.080051555199e+00
  -5.080051555257e+00
  -5.080051555339e+00
  -5.080051555409e+00
  -5.080051555461e+00
  -5.080051555552e+00
  -5.080051555601e+00
  -5.080051555654e+00
  -5.080051555713e+00
  -5.080051555760e+00
  -5.080051555799e+00
  -5.080051555874e+00
  -5.080051555906e+00
  -5.080051555948e+00
  -5.080051555985e+00
  -5.080051556045e+00
  -5.080051556080e+00
  -5.080051556137e+00
  -5.080051556192e+00
  -5.080051556229e+00
  -5.080051556259e+00
  -5.080051556328e+00
  -5.080051556368e+00
  -5.080051556430e+00
  -5.080051556478e+00
  -5.080051556550e+00
  -5.080051556599e+00
  -5.080051556633e+00
  -5.080051556698e+00
  -5.080051556754e+00
  -5.080051556791e+00
  -5.080051556847e+00
  -5.080051556876e+00
  -5.080051556904e+00
  -5.080051556983e+00
  -5.080051557014e+00
  -5.080051557051e+00
  -5.080051557081e+00
  -5.080051557135e+00
  -5.080051557158e+00
  -5.080051557215e+00
  -5.080051557275e+00
  -5.080051557296e+00
  -5.080051557322e+00
  -5.080051557380e+00
  -5.080051557399e+00
  -5.080051557445e+00
  -5.080051557456e+00
  -5.080051557497e+00
  -5.080051557523e+00
  -5.080051557543e+00
  -5.080051557586e+00
  -5.080051557633e+00
  -5.080051557648e+00
  -5.080051557693e+00
  -5.080051557696e+00
  -5.080051557691e+00
  -5.080051557740e+00
  -5.080051557739e+00
  -5.080051557728e+00
  -5.080051557726e+00
  -5.080051557758e+00
  -5.080051557763e+00
  -5.080051557796e+00
  -5.080051557824e+00
  -5.080051557829e+00
  -5.080051557838e+00
  -5.080051557869e+00
  -5.080051557876e+00
  -5.080051557909e+00
  -5.080051557913e+00
  -5.080051557950e+00
  -5.080051557949e+00
  -5.080051557941e+00
  -5.080051557975e+00
  -5.080051558013e+00
  -5.080051558021e+00
  -5.080051558056e+00
  -5.080051558053e+00
  -5.080051558051e+00
  -5.080051558096e+00
  -5.080051558086e+00
  -5.080051558080e+00
  -5.080051558081e+00
  -5.080051558112e+00
  -5.080051558098e+00
  -5.080051558113e+00
  -5.080051558119e+00
  -5.080051558096e+00
  -5.080051558073e+00
  -5.080051558094e+00
  -5.080051558076e+00
  -5.080051558083e+00
  -5.080051558095e+00
  -5.080051558070e+00
  -5.080051558044e+00
  -5.080051558013e+00
  -5.080051558029e+00
  -5.080051558041e+00
  -5.080051558027e+00
  -5.080051558055e+00
  -5.080051558036e+00
  -5.080051558029e+00
  -5.080051558095e+00
  -5.080051558079e+00
  -5.080051558076e+00
  -5.080051558057e+00
  -5.080051558069e+00
  -5.080051558041e+00
  -5.080051558068e+00
  -5.080051558095e+00
  -5.080051558078e+00
  -5.080051558067e+00
  -5.080051558093e+00
  -5.080051558088e+00
  -5.080051558122e+00
  -5.080051558151e+00
  -5.080051558136e+00
  -5.080051558130e+00
  -5.080051558113e+00
  -5.080051558160e+00
  -5.080051558206e+00
  -5.080051558203e+00
  -5.080051558239e+00
  -5.080051558232e+00
  -5.080051558220e+00
  -5.080051558288e+00
  -5.080051558271e+00
  -5.080051558242e+00
  -5.080051558218e+00
  -5.080051558243e+00
  -5.080051558222e+00
  -5.080051558255e+00
  -5.080051558292e+00
  -5.080051558287e+00
  -5.080051558278e+00
  -5.080051558319e+00
  -5.080051558316e+00
  -5.080051558363e+00
  -5.080051558422e+00
  -5.080051558421e+00
  -5.080051558416e+00
  -5.080051558421e+00
  -5.080051558464e+00
  -5.080051558500e+00
  -5.080051558484e+00
  -5.080051558526e+00
  -5.080051558508e+00
  -5.080051558494e+00
  -5.080051558588e+00
  -5.080051558574e+00
  -5.080051558566e+00
  -5.080051558557e+00
  -5.080051558592e+00
  -5.080051558573e+00
  -5.080051558611e+00
  -5.080051558649e+00
  -5.080051558643e+00
  -5.080051558630e+00
  -5.080051558666e+00
  -5.080051558642e+00
  -5.080051558679e+00
  -5.080051558720e+00
  -5.080051558692e+00
  -5.080051558658e+00
  -5.080051558632e+00
  -5.080051558661e+00
  -5.080051558696e+00
  -5.080051558672e+00
  -5.080051558706e+00
  -5.080051558691e+00
  -5.080051558671e+00
  -5.080051558776e+00
  -5.080051558758e+00
  -5.080051558744e+00
  -5.080051558724e+00
  -5.080051558778e+00
  -5.080051558753e+00
  -5.080051558793e+00
  -5.080051558827e+00
  -5.080051558807e+00
  -5.080051558770e+00
  -5.080051558822e+00
  -5.080051558799e+00
  -5.080051558844e+00
  -5.080051558901e+00
  -5.080051558875e+00
  -5.080051558849e+00
  -5.080051558803e+00
  -5.080051558842e+00
  -5.080051558889e+00
  -5.080051558865e+00
  -5.080051558912e+00
  -5.080051558877e+00
  -5.080051558851e+00
  -5.080051558981e+00
  -5.080051558958e+00
  -5.080051558923e+00
  -5.080051558908e+00
  -5.080051558967e+00
  -5.080051558940e+00
  -5.080051559011e+00
  -5.080051559077e+00
  -5.080051559039e+00
  -5.080051559001e+00
  -5.080051559057e+00
  -5.080051559011e+00
  -5.080051559067e+00
  -5.080051559126e+00
  -5.080051559080e+00
  -5.080051559027e+00
  -5.080051558972e+00
  -5.080051559025e+00
  -5.080051559087e+00
  -5.080051559020e+00
  -5.080051559086e+00
  -5.080051559012e+00
  -5.080051558943e+00
  -5.080051559137e+00
  -5.080051559067e+00
  -5.080051559005e+00
  -5.080051558934e+00
  -5.080051559006e+00
  -5.080051558940e+00
  -5.080051559027e+00
  -5.080051559117e+00
  -5.080051559046e+00
  -5.080051558963e+00
  -5.080051559038e+00
  -5.080051558944e+00
  -5.080051559028e+00
  -5.080051559113e+00
  -5.080051559018e+00
  -5.080051558909e+00
  -5.080051558786e+00
  -5.080051558892e+00
  -5.080051559009e+00
  -5.080051558904e+00
  -5.080051559027e+00
  -5.080051558907e+00
  -5.080051558785e+00
  -5.080051559218e+00
  -5.080051559082e+00
  -5.080051558927e+00
  -5.080051559107e+00
  -5.080051558940e+00
  -5.080051558753e+00
  -5.080051558959e+00
  -5.080051559189e+00
  -5.080051558966e+00
  -5.080051558711e+00
  -5.080051558979e+00
  -5.080051558655e+00
  -5.080051558987e+00
  -5.080051559392e+00
  -5.080051558973e+00
  -5.080051558390e+00
  -5.080051557502e+00
  -5.080051557965e+00
  -5.080051558875e+00
  -5.080051561622e+00
