  -3.088036831559e+00
  -3.088036831559e+00
  -3.088036831559e+00
  -3.088036831559e+00
  -3.088036831559e+00
  -3.088036831559e+00
  -3.088036831558e+00
  -3.088036831558e+00
  -3.088036831558e+00
  -3.088036831558e+00
  -3.088036831558e+00
  -3.088036831558e+00
  -3.088036831557e+00
  -3.088036831557e+00
  -3.088036831557e+00
  -3.088036831557e+00
  -3.088036831556e+00
  -3.088036831556e+00
  -3.088036831556e+00
  -3.088036831556e+00
  -3.088036831556e+00
  -3.088036831556e+00
  -3.088036831556e+00
  -3.088036831556e+00
  -3.088036831556e+00
  -3.088036831556e+00
  -3.088036831555e+00
  -3.088036831555e+00
  -3.088036831555e+00
  -3.088036831555e+00
  -3.088036831555e+00
  -3.088036831555e+00
  -3.088036831555e+00
  -3.088036831555e+00
  -3.088036831555e+00
  -3.088036831555e+00
  -3.088036831555e+00
  -3.088036831555e+00
  -3.088036831555e+00
  -3.088036831555e+00
  -3.088036831556e+00
  -3.088036831556e+00
  -3.088036831556e+00
  -3.088036831556e+00
  -3.088036831556e+00
  -3.088036831556e+00
  -3.088036831556e+00
  -3.088036831556e+00
  -3.088036831556e+00
  -3.088036831556e+00
  -3.088036831556e+00
  -3.088036831557e+00
  -3.088036831557e+00
  -3.088036831557e+00
  -3.088036831557e+00
  -3.088036831557e+00
  -3.088036831557e+00
  -3.088036831557e+00
  -3.088036831557e+00
  -3.088036831557e+00
  -3.088036831557e+00
  -3.088036831557e+00
  -3.088036831557e+00
  -3.088036831557e+00
  -3.088036831557e+00
  -3.088036831557e+00
  -3.088036831556e+00
  -3.088036831556e+00
  -3.088036831556e+00
  -3.088036831557e+00
  -3.088036831556e+00
  -3.088036831556e+00
  -3.088036831556e+00
  -3.088036831556e+00
  -3.088036831556e+00
  -3.088036831556e+00
  -3.088036831556e+00
  -3.088036831556e+00
  -3.088036831556e+00
  -3.088036831555e+00
  -3.088036831556e+00
  -3.088036831555e+00
  -3.088036831555e+00
  -3.088036831555e+00
  -3.088036831555e+00
  -3.088036831555e+00
  -3.088036831555e+00
  -3.088036831555e+00
  -3.088036831555e+00
  -3.088036831555e+00
  -3.088036831555e+00
  -3.088036831555e+00
  -3.088036831555e+00
  -3.088036831555e+00
  -3.088036831555e+00
  -3.088036831556e+00
  -3.088036831554e+00
  -3.088036831554e+00
  -3.088036831555e+00
  -3.088036831552e+00
