1  0  0.1
0.982155  0.01  0.1
0.964319  0.02  0.1
0.946501  0.03  0.1
0.928709  0.04  0.1
0.910953  0.05  0.1
0.893242  0.06  0.1
0.875583  0.07  0.1
0.857986  0.08  0.1
0.840459  0.09  0.1
0.823011  0.1  0.1
0.805649  0.11  0.1
0.788383  0.12  0.1
0.771219  0.13  0.1
0.754167  0.14  0.1
0.737233  0.15  0.1
0.720426  0.16  0.1
0.703752  0.17  0.1
0.68722  0.18  0.1
0.670834  0.19  0.1
0.654604  0.2  0.1
0.638534  0.21  0.1
0.622632  0.22  0.1
0.606904  0.23  0.1
0.591354  0.24  0.1
0.57599  0.25  0.1
0.560815  0.26  0.1
0.545836  0.27  0.1
0.531056  0.28  0.1
0.516481  0.29  0.1
0.502115  0.3  0.1
0.487962  0.31  0.1
0.474025  0.32  0.1
0.460308  0.33  0.1
0.446814  0.34  0.1
0.433545  0.35  0.1
0.420505  0.36  0.1
0.407695  0.37  0.1
0.395118  0.38  0.1
0.382776  0.39  0.1
0.370669  0.4  0.1
0.358799  0.41  0.1
0.347167  0.42  0.1
0.335773  0.43  0.1
0.324618  0.44  0.1
0.313702  0.45  0.1
0.303024  0.46  0.1
0.292584  0.47  0.1
0.282382  0.48  0.1
0.272417  0.49  0.1
0.262687  0.5  0.1
0.253191  0.51  0.1
0.243927  0.52  0.1
0.234894  0.53  0.1
0.226089  0.54  0.1
0.21751  0.55  0.1
0.209155  0.56  0.1
0.201021  0.57  0.1
0.193104  0.58  0.1
0.185403  0.59  0.1
0.177913  0.6  0.1
0.170632  0.61  0.1
0.163555  0.62  0.1
0.15668  0.63  0.1
0.150002  0.64  0.1
0.143516  0.65  0.1
0.13722  0.66  0.1
0.131108  0.67  0.1
0.125177  0.68  0.1
0.119422  0.69  0.1
0.113837  0.7  0.1
0.108419  0.71  0.1
0.103163  0.72  0.1
0.0980637  0.73  0.1
0.0931159  0.74  0.1
0.0883147  0.75  0.1
0.083655  0.76  0.1
0.0791316  0.77  0.1
0.0747392  0.78  0.1
0.0704724  0.79  0.1
0.0663259  0.8  0.1
0.0622942  0.81  0.1
0.0583718  0.82  0.1
0.0545531  0.83  0.1
0.0508326  0.84  0.1
0.0472047  0.85  0.1
0.0436637  0.86  0.1
0.040204  0.87  0.1
0.0368198  0.88  0.1
0.0335054  0.89  0.1
0.0302551  0.9  0.1
0.0270631  0.91  0.1
0.0239236  0.92  0.1
0.0208309  0.93  0.1
0.017779  0.94  0.1
0.0147622  0.95  0.1
0.0117746  0.96  0.1
0.00881048  0.97  0.1
0.0058639  0.98  0.1
0.00292902  0.99  0.1
0  1  0.1
