1  0  0.1
0.982156  0.01  0.1
0.964322  0.02  0.1
0.946505  0.03  0.1
0.928715  0.04  0.1
0.91096  0.05  0.1
0.89325  0.06  0.1
0.875592  0.07  0.1
0.857996  0.08  0.1
0.840471  0.09  0.1
0.823023  0.1  0.1
0.805663  0.11  0.1
0.788398  0.12  0.1
0.771236  0.13  0.1
0.754184  0.14  0.1
0.737252  0.15  0.1
0.720446  0.16  0.1
0.703773  0.17  0.1
0.687241  0.18  0.1
0.670857  0.19  0.1
0.654627  0.2  0.1
0.638558  0.21  0.1
0.622657  0.22  0.1
0.606929  0.23  0.1
0.59138  0.24  0.1
0.576016  0.25  0.1
0.560842  0.26  0.1
0.545863  0.27  0.1
0.531084  0.28  0.1
0.516509  0.29  0.1
0.502143  0.3  0.1
0.48799  0.31  0.1
0.474053  0.32  0.1
0.460336  0.33  0.1
0.446842  0.34  0.1
0.433573  0.35  0.1
0.420533  0.36  0.1
0.407723  0.37  0.1
0.395146  0.38  0.1
0.382803  0.39  0.1
0.370696  0.4  0.1
0.358826  0.41  0.1
0.347193  0.42  0.1
0.335799  0.43  0.1
0.324644  0.44  0.1
0.313727  0.45  0.1
0.303049  0.46  0.1
0.292609  0.47  0.1
0.282407  0.48  0.1
0.272441  0.49  0.1
0.26271  0.5  0.1
0.253213  0.51  0.1
0.243949  0.52  0.1
0.234915  0.53  0.1
0.226109  0.54  0.1
0.21753  0.55  0.1
0.209174  0.56  0.1
0.201039  0.57  0.1
0.193122  0.58  0.1
0.18542  0.59  0.1
0.17793  0.6  0.1
0.170648  0.61  0.1
0.16357  0.62  0.1
0.156694  0.63  0.1
0.150015  0.64  0.1
0.143529  0.65  0.1
0.137232  0.66  0.1
0.13112  0.67  0.1
0.125188  0.68  0.1
0.119432  0.69  0.1
0.113847  0.7  0.1
0.108429  0.71  0.1
0.103172  0.72  0.1
0.0980716  0.73  0.1
0.0931233  0.74  0.1
0.0883216  0.75  0.1
0.0836615  0.76  0.1
0.0791376  0.77  0.1
0.0747447  0.78  0.1
0.0704775  0.79  0.1
0.0663306  0.8  0.1
0.0622985  0.81  0.1
0.0583757  0.82  0.1
0.0545567  0.83  0.1
0.0508359  0.84  0.1
0.0472077  0.85  0.1
0.0436664  0.86  0.1
0.0402064  0.87  0.1
0.036822  0.88  0.1
0.0335074  0.89  0.1
0.0302568  0.9  0.1
0.0270646  0.91  0.1
0.0239249  0.92  0.1
0.020832  0.93  0.1
0.0177799  0.94  0.1
0.0147629  0.95  0.1
0.0117752  0.96  0.1
0.00881093  0.97  0.1
0.00586419  0.98  0.1
0.00292917  0.99  0.1
0  1  0.1
