1  0  1
0.989999  0.01  1
0.979998  0.02  1
0.969997  0.03  1
0.959996  0.04  1
0.949995  0.05  1
0.939994  0.06  1
0.929993  0.07  1
0.919992  0.08  1
0.909991  0.09  1
0.89999  0.1  1
0.889989  0.11  1
0.879988  0.12  1
0.869987  0.13  1
0.859986  0.14  1
0.849985  0.15  1
0.839984  0.16  1
0.829983  0.17  1
0.819982  0.18  1
0.809981  0.19  1
0.799981  0.2  1
0.78998  0.21  1
0.779979  0.22  1
0.769978  0.23  1
0.759977  0.24  1
0.749977  0.25  1
0.739976  0.26  1
0.729975  0.27  1
0.719975  0.28  1
0.709974  0.29  1
0.699973  0.3  1
0.689973  0.31  1
0.679972  0.32  1
0.669972  0.33  1
0.659971  0.34  1
0.649971  0.35  1
0.63997  0.36  1
0.62997  0.37  1
0.619969  0.38  1
0.609969  0.39  1
0.599969  0.4  1
0.589968  0.41  1
0.579968  0.42  1
0.569968  0.43  1
0.559968  0.44  1
0.549967  0.45  1
0.539967  0.46  1
0.529967  0.47  1
0.519967  0.48  1
0.509967  0.49  1
0.499967  0.5  1
0.489967  0.51  1
0.479967  0.52  1
0.469967  0.53  1
0.459967  0.54  1
0.449967  0.55  1
0.439968  0.56  1
0.429968  0.57  1
0.419968  0.58  1
0.409968  0.59  1
0.399969  0.6  1
0.389969  0.61  1
0.379969  0.62  1
0.36997  0.63  1
0.35997  0.64  1
0.349971  0.65  1
0.339971  0.66  1
0.329972  0.67  1
0.319972  0.68  1
0.309973  0.69  1
0.299973  0.7  1
0.289974  0.71  1
0.279975  0.72  1
0.269975  0.73  1
0.259976  0.74  1
0.249977  0.75  1
0.239977  0.76  1
0.229978  0.77  1
0.219979  0.78  1
0.20998  0.79  1
0.199981  0.8  1
0.189981  0.81  1
0.179982  0.82  1
0.169983  0.83  1
0.159984  0.84  1
0.149985  0.85  1
0.139986  0.86  1
0.129987  0.87  1
0.119988  0.88  1
0.109989  0.89  1
0.0999898  0.9  1
0.0899908  0.91  1
0.0799918  0.92  1
0.0699928  0.93  1
0.0599938  0.94  1
0.0499948  0.95  1
0.0399959  0.96  1
0.0299969  0.97  1
0.0199979  0.98  1
0.00999896  0.99  1
0  1  1
