1  0  0.1
0.982158  0.01  0.1
0.964325  0.02  0.1
0.946509  0.03  0.1
0.92872  0.04  0.1
0.910967  0.05  0.1
0.893258  0.06  0.1
0.875602  0.07  0.1
0.858007  0.08  0.1
0.840482  0.09  0.1
0.823036  0.1  0.1
0.805677  0.11  0.1
0.788413  0.12  0.1
0.771252  0.13  0.1
0.754202  0.14  0.1
0.73727  0.15  0.1
0.720465  0.16  0.1
0.703793  0.17  0.1
0.687262  0.18  0.1
0.670879  0.19  0.1
0.65465  0.2  0.1
0.638582  0.21  0.1
0.622681  0.22  0.1
0.606954  0.23  0.1
0.591405  0.24  0.1
0.576042  0.25  0.1
0.560868  0.26  0.1
0.54589  0.27  0.1
0.531111  0.28  0.1
0.516537  0.29  0.1
0.502171  0.3  0.1
0.488018  0.31  0.1
0.474081  0.32  0.1
0.460364  0.33  0.1
0.44687  0.34  0.1
0.433602  0.35  0.1
0.420561  0.36  0.1
0.407752  0.37  0.1
0.395174  0.38  0.1
0.382831  0.39  0.1
0.370724  0.4  0.1
0.358853  0.41  0.1
0.34722  0.42  0.1
0.335826  0.43  0.1
0.32467  0.44  0.1
0.313753  0.45  0.1
0.303074  0.46  0.1
0.292634  0.47  0.1
0.282431  0.48  0.1
0.272464  0.49  0.1
0.262733  0.5  0.1
0.253235  0.51  0.1
0.24397  0.52  0.1
0.234936  0.53  0.1
0.22613  0.54  0.1
0.21755  0.55  0.1
0.209193  0.56  0.1
0.201057  0.57  0.1
0.19314  0.58  0.1
0.185437  0.59  0.1
0.177946  0.6  0.1
0.170663  0.61  0.1
0.163585  0.62  0.1
0.156708  0.63  0.1
0.150028  0.64  0.1
0.143542  0.65  0.1
0.137244  0.66  0.1
0.131131  0.67  0.1
0.125199  0.68  0.1
0.119442  0.69  0.1
0.113857  0.7  0.1
0.108438  0.71  0.1
0.10318  0.72  0.1
0.0980796  0.73  0.1
0.0931307  0.74  0.1
0.0883285  0.75  0.1
0.0836679  0.76  0.1
0.0791436  0.77  0.1
0.0747503  0.78  0.1
0.0704826  0.79  0.1
0.0663353  0.8  0.1
0.0623028  0.81  0.1
0.0583797  0.82  0.1
0.0545603  0.83  0.1
0.0508392  0.84  0.1
0.0472107  0.85  0.1
0.0436691  0.86  0.1
0.0402088  0.87  0.1
0.0368241  0.88  0.1
0.0335093  0.89  0.1
0.0302585  0.9  0.1
0.0270661  0.91  0.1
0.0239262  0.92  0.1
0.0208331  0.93  0.1
0.0177808  0.94  0.1
0.0147637  0.95  0.1
0.0117758  0.96  0.1
0.00881137  0.97  0.1
0.00586449  0.98  0.1
0.00292931  0.99  0.1
0  1  0.1
