1  0
1.00721  0.000703235
1.01171  0.00140647
1.0064  0.0021097
0.99996  0.00281294
0.99116  0.00351617
0.98338  0.00421941
0.97667  0.00492264
0.97586  0.00562588
0.98385  0.00632911
0.99014  0.00703235
0.99226  0.00773558
0.99643  0.00843882
0.99852  0.00914205
0.99719  0.00984529
0.99296  0.0105485
0.98344  0.0112518
0.97688  0.011955
0.97769  0.0126582
0.97463  0.0133615
0.97179  0.0140647
0.9729  0.0147679
0.96895  0.0154712
0.96683  0.0161744
0.96534  0.0168776
0.96362  0.0175809
0.96714  0.0182841
0.96702  0.0189873
0.96474  0.0196906
0.95893  0.0203938
0.95041  0.021097
0.94404  0.0218003
0.94196  0.0225035
0.94338  0.0232068
0.93481  0.02391
0.92703  0.0246132
0.92945  0.0253165
0.93108  0.0260197
0.92767  0.0267229
0.9226  0.0274262
0.92003  0.0281294
0.91717  0.0288326
0.91279  0.0295359
0.9151  0.0302391
0.92091  0.0309423
0.91939  0.0316456
0.91749  0.0323488
0.91768  0.033052
0.91754  0.0337553
0.91441  0.0344585
0.90732  0.0351617
0.89839  0.035865
0.89647  0.0365682
0.89751  0.0372714
0.89397  0.0379747
0.8885  0.0386779
0.88465  0.0393812
0.88454  0.0400844
0.87861  0.0407876
0.87197  0.0414909
0.86791  0.0421941
0.86819  0.0428973
0.87657  0.0436006
0.88502  0.0443038
0.89219  0.045007
0.8971  0.0457103
0.89504  0.0464135
0.89613  0.0471167
0.89455  0.04782
0.8898  0.0485232
0.8885  0.0492264
0.88807  0.0499297
0.88516  0.0506329
0.87725  0.0513361
0.87393  0.0520394
0.87782  0.0527426
0.87949  0.0534459
0.86836  0.0541491
0.86328  0.0548523
0.86937  0.0555556
0.87203  0.0562588
0.8753  0.056962
0.87739  0.0576653
0.87408  0.0583685
0.87052  0.0590717
0.8661  0.059775
0.85917  0.0604782
0.8581  0.0611814
0.85721  0.0618847
0.85157  0.0625879
0.84668  0.0632911
0.84622  0.0639944
0.84413  0.0646976
0.84046  0.0654008
0.83474  0.0661041
0.83055  0.0668073
0.83226  0.0675105
0.83419  0.0682138
0.83309  0.068917
0.82882  0.0696203
0.82664  0.0703235
0.81928  0.0710267
0.81417  0.07173
0.80838  0.0724332
0.80125  0.0731364
0.80064  0.0738397
0.79289  0.0745429
0.78353  0.0752461
0.77899  0.0759494
0.77282  0.0766526
0.7649  0.0773558
0.75697  0.0780591
0.75303  0.0787623
0.75165  0.0794655
0.75436  0.0801688
0.76146  0.080872
0.75814  0.0815752
0.74664  0.0822785
0.73887  0.0829817
0.73684  0.083685
0.73718  0.0843882
0.73914  0.0850914
0.7365  0.0857947
0.73172  0.0864979
0.73346  0.0872011
0.7324  0.0879044
0.72651  0.0886076
0.72389  0.0893108
0.72534  0.0900141
0.72321  0.0907173
0.71495  0.0914205
0.70982  0.0921238
0.70986  0.092827
0.71112  0.0935302
0.713  0.0942335
0.71181  0.0949367
0.70814  0.0956399
0.70459  0.0963432
0.70247  0.0970464
0.70402  0.0977496
0.69974  0.0984529
0.68609  0.0991561
0.67163  0.0998594
0.66263  0.100563
0.6603  0.101266
0.65187  0.101969
0.64505  0.102672
0.65084  0.103376
0.65339  0.104079
0.64986  0.104782
0.64867  0.105485
0.65243  0.106188
0.65592  0.106892
0.65748  0.107595
0.65653  0.108298
0.64962  0.109001
0.64789  0.109705
0.64876  0.110408
0.64032  0.111111
0.63252  0.111814
0.6364  0.112518
0.64303  0.113221
0.64523  0.113924
0.64574  0.114627
0.64638  0.115331
0.64384  0.116034
0.64067  0.116737
0.64064  0.11744
0.64223  0.118143
0.64362  0.118847
0.63912  0.11955
0.63518  0.120253
0.63298  0.120956
0.63095  0.12166
0.63365  0.122363
0.63228  0.123066
0.62954  0.123769
0.63584  0.124473
0.64138  0.125176
0.64179  0.125879
0.63644  0.126582
0.62953  0.127286
0.62988  0.127989
0.63202  0.128692
0.62809  0.129395
0.62079  0.130098
0.61703  0.130802
0.61292  0.131505
0.60707  0.132208
0.60162  0.132911
0.59966  0.133615
0.59915  0.134318
0.59873  0.135021
0.59885  0.135724
0.59739  0.136428
0.59287  0.137131
0.58694  0.137834
0.58843  0.138537
0.59114  0.139241
0.58532  0.139944
0.58112  0.140647
0.57684  0.14135
0.57214  0.142053
0.57115  0.142757
0.5681  0.14346
0.56252  0.144163
0.56043  0.144866
0.56283  0.14557
0.56028  0.146273
0.55744  0.146976
0.55253  0.147679
0.54723  0.148383
0.54718  0.149086
0.54533  0.149789
0.54068  0.150492
0.53843  0.151195
0.5369  0.151899
0.53392  0.152602
0.53319  0.153305
0.53588  0.154008
0.54206  0.154712
0.54417  0.155415
0.53962  0.156118
0.53948  0.156821
0.54184  0.157525
0.53921  0.158228
0.53518  0.158931
0.53503  0.159634
0.53634  0.160338
0.5322  0.161041
0.52709  0.161744
0.52002  0.162447
0.51609  0.16315
0.51527  0.163854
0.51255  0.164557
0.50846  0.16526
0.50248  0.165963
0.50242  0.166667
0.50252  0.16737
0.49927  0.168073
0.50076  0.168776
0.5015  0.16948
0.49626  0.170183
0.49253  0.170886
0.49241  0.171589
0.49168  0.172293
0.49209  0.172996
0.49126  0.173699
0.48769  0.174402
0.48389  0.175105
0.47706  0.175809
0.47063  0.176512
0.47037  0.177215
0.46858  0.177918
0.46208  0.178622
0.45901  0.179325
0.4561  0.180028
0.4535  0.180731
0.45375  0.181435
0.4561  0.182138
0.45518  0.182841
0.44971  0.183544
0.44946  0.184248
0.45263  0.184951
0.45334  0.185654
0.45366  0.186357
0.45362  0.18706
0.4555  0.187764
0.45364  0.188467
0.4462  0.18917
0.43924  0.189873
0.43343  0.190577
0.42573  0.19128
0.4172  0.191983
0.41006  0.192686
0.40424  0.19339
0.40696  0.194093
0.41075  0.194796
0.40984  0.195499
0.40794  0.196203
0.40462  0.196906
0.40065  0.197609
0.40004  0.198312
0.39911  0.199015
0.39343  0.199719
0.3879  0.200422
0.38425  0.201125
0.3843  0.201828
0.384  0.202532
0.37806  0.203235
0.37094  0.203938
0.36469  0.204641
0.36159  0.205345
0.35928  0.206048
0.35497  0.206751
0.35502  0.207454
0.35371  0.208158
0.35154  0.208861
0.35294  0.209564
0.35399  0.210267
0.35696  0.21097
0.35838  0.211674
0.35483  0.212377
0.35512  0.21308
0.35592  0.213783
0.35173  0.214487
0.34942  0.21519
0.34756  0.215893
0.34788  0.216596
0.34986  0.2173
0.34663  0.218003
0.34116  0.218706
0.33896  0.219409
0.33843  0.220113
0.3367  0.220816
0.33238  0.221519
0.32831  0.222222
0.32857  0.222925
0.32843  0.223629
0.32842  0.224332
0.33049  0.225035
0.33163  0.225738
0.33213  0.226442
0.33185  0.227145
0.3308  0.227848
0.32508  0.228551
0.32032  0.229255
0.31975  0.229958
0.32166  0.230661
0.32278  0.231364
0.32182  0.232068
0.32153  0.232771
0.31954  0.233474
0.31594  0.234177
0.31277  0.23488
0.31098  0.235584
0.30919  0.236287
0.31047  0.23699
0.30941  0.237693
0.30523  0.238397
0.29996  0.2391
0.29575  0.239803
0.29567  0.240506
0.29368  0.24121
0.29114  0.241913
0.29054  0.242616
0.29091  0.243319
0.29306  0.244023
0.29312  0.244726
0.29171  0.245429
0.28916  0.246132
0.28381  0.246835
0.28177  0.247539
0.28126  0.248242
0.27995  0.248945
0.2771  0.249648
0.27334  0.250352
0.27039  0.251055
0.26777  0.251758
0.26501  0.252461
0.26432  0.253165
0.26242  0.253868
0.25826  0.254571
0.25589  0.255274
0.25094  0.255977
0.248  0.256681
0.24612  0.257384
0.24216  0.258087
0.23851  0.25879
0.23591  0.259494
0.23404  0.260197
0.23004  0.2609
0.22652  0.261603
0.22336  0.262307
0.21955  0.26301
0.21866  0.263713
0.2182  0.264416
0.21664  0.26512
0.2156  0.265823
0.21468  0.266526
0.21533  0.267229
0.21691  0.267932
0.21621  0.268636
0.21607  0.269339
0.21744  0.270042
0.21588  0.270745
0.21447  0.271449
0.21172  0.272152
0.20781  0.272855
0.20979  0.273558
0.21525  0.274262
0.21969  0.274965
0.22063  0.275668
0.22163  0.276371
0.22452  0.277075
0.22432  0.277778
0.22347  0.278481
0.22329  0.279184
0.22244  0.279887
0.22368  0.280591
0.226  0.281294
0.225  0.281997
0.22265  0.2827
0.21869  0.283404
0.21821  0.284107
0.21979  0.28481
0.22037  0.285513
0.22071  0.286217
0.21794  0.28692
0.21472  0.287623
0.21223  0.288326
0.21125  0.28903
0.21013  0.289733
0.20676  0.290436
0.2043  0.291139
0.20319  0.291842
0.19928  0.292546
0.19715  0.293249
0.19629  0.293952
0.19723  0.294655
0.20021  0.295359
0.1988  0.296062
0.19628  0.296765
0.19538  0.297468
0.19739  0.298172
0.19902  0.298875
0.19639  0.299578
0.19515  0.300281
0.1968  0.300985
0.1952  0.301688
0.19142  0.302391
0.19135  0.303094
0.19219  0.303797
0.19345  0.304501
0.19667  0.305204
0.19706  0.305907
0.19572  0.30661
0.19225  0.307314
0.18831  0.308017
0.18682  0.30872
0.18462  0.309423
0.18206  0.310127
0.18027  0.31083
0.17671  0.311533
0.17348  0.312236
0.17388  0.31294
0.17154  0.313643
0.16959  0.314346
0.17066  0.315049
0.17189  0.315752
0.17199  0.316456
0.16898  0.317159
0.16788  0.317862
0.16883  0.318565
0.16851  0.319269
0.16735  0.319972
0.1678  0.320675
0.1679  0.321378
0.16762  0.322082
0.16671  0.322785
0.16355  0.323488
0.16113  0.324191
0.15895  0.324895
0.15866  0.325598
0.15942  0.326301
0.1589  0.327004
0.15868  0.327707
0.15965  0.328411
0.15952  0.329114
0.15759  0.329817
0.15465  0.33052
0.15102  0.331224
0.14945  0.331927
0.1504  0.33263
0.15067  0.333333
0.1503  0.334037
0.14992  0.33474
0.14704  0.335443
0.14637  0.336146
0.14607  0.33685
0.14174  0.337553
0.13999  0.338256
0.14035  0.338959
0.13863  0.339662
0.13646  0.340366
0.1366  0.341069
0.13886  0.341772
0.13984  0.342475
0.13822  0.343179
0.13703  0.343882
0.13614  0.344585
0.13526  0.345288
0.13458  0.345992
0.13476  0.346695
0.13616  0.347398
0.13659  0.348101
0.13365  0.348805
0.12795  0.349508
0.12507  0.350211
0.1246  0.350914
0.12176  0.351617
0.12016  0.352321
0.12285  0.353024
0.12337  0.353727
0.121  0.35443
0.12193  0.355134
0.12365  0.355837
0.12152  0.35654
0.11958  0.357243
0.11974  0.357947
0.12013  0.35865
0.12131  0.359353
0.12326  0.360056
0.12507  0.360759
0.12537  0.361463
0.1246  0.362166
0.12591  0.362869
0.12545  0.363572
0.12301  0.364276
0.1228  0.364979
0.12399  0.365682
0.12537  0.366385
0.12532  0.367089
0.12536  0.367792
0.12658  0.368495
0.12573  0.369198
0.12254  0.369902
0.11891  0.370605
0.11741  0.371308
0.11661  0.372011
0.11376  0.372714
0.11058  0.373418
0.10816  0.374121
0.10676  0.374824
0.10586  0.375527
0.10385  0.376231
0.10141  0.376934
0.09911  0.377637
0.09897  0.37834
0.09905  0.379044
0.09721  0.379747
0.09648  0.38045
0.09703  0.381153
0.10074  0.381857
0.10296  0.38256
0.10227  0.383263
0.10286  0.383966
0.10332  0.384669
0.10253  0.385373
0.10234  0.386076
0.1012  0.386779
0.09936  0.387482
0.09874  0.388186
0.09797  0.388889
0.09761  0.389592
0.09663  0.390295
0.09486  0.390999
0.09396  0.391702
0.09235  0.392405
0.09117  0.393108
0.09172  0.393812
0.09231  0.394515
0.09273  0.395218
0.09359  0.395921
0.09348  0.396624
0.09236  0.397328
0.09016  0.398031
0.08644  0.398734
0.08373  0.399437
0.08206  0.400141
0.08176  0.400844
0.08121  0.401547
0.08052  0.40225
0.07856  0.402954
0.07671  0.403657
0.07615  0.40436
0.07553  0.405063
0.07534  0.405767
0.07453  0.40647
0.07306  0.407173
0.07023  0.407876
0.06784  0.408579
0.06771  0.409283
0.06846  0.409986
0.06843  0.410689
0.06761  0.411392
0.0673  0.412096
0.068  0.412799
0.06881  0.413502
0.06834  0.414205
0.06705  0.414909
0.06547  0.415612
0.06334  0.416315
0.06279  0.417018
0.06321  0.417722
0.06177  0.418425
0.06173  0.419128
0.06227  0.419831
0.06234  0.420534
0.06259  0.421238
0.06166  0.421941
0.06181  0.422644
0.06251  0.423347
0.06271  0.424051
0.06027  0.424754
0.0581  0.425457
0.05765  0.42616
0.0572  0.426864
0.05769  0.427567
0.05622  0.42827
0.05306  0.428973
0.05029  0.429677
0.04942  0.43038
0.04945  0.431083
0.04985  0.431786
0.04913  0.432489
0.04871  0.433193
0.04922  0.433896
0.04969  0.434599
0.0509  0.435302
0.05145  0.436006
0.05063  0.436709
0.05013  0.437412
0.04956  0.438115
0.04777  0.438819
0.04921  0.439522
0.05024  0.440225
0.04947  0.440928
0.04945  0.441632
0.04825  0.442335
0.04642  0.443038
0.04441  0.443741
0.04381  0.444444
0.04435  0.445148
0.04395  0.445851
0.04359  0.446554
0.0426  0.447257
0.04159  0.447961
0.04089  0.448664
0.03965  0.449367
0.03873  0.45007
0.03782  0.450774
0.03778  0.451477
0.03768  0.45218
0.03709  0.452883
0.03703  0.453586
0.03712  0.45429
0.03607  0.454993
0.03411  0.455696
0.03326  0.456399
0.03313  0.457103
0.0322  0.457806
0.03096  0.458509
0.03007  0.459212
0.02966  0.459916
0.02906  0.460619
0.02831  0.461322
0.02765  0.462025
0.02704  0.462729
0.0272  0.463432
0.02677  0.464135
0.02477  0.464838
0.02315  0.465541
0.0227  0.466245
0.02215  0.466948
0.02137  0.467651
0.02001  0.468354
0.01849  0.469058
0.01784  0.469761
0.01729  0.470464
0.01722  0.471167
0.01697  0.471871
0.01703  0.472574
0.01737  0.473277
0.01718  0.47398
0.0171  0.474684
0.01699  0.475387
0.01653  0.47609
0.01576  0.476793
0.01518  0.477496
0.01465  0.4782
0.01436  0.478903
0.01418  0.479606
0.01348  0.480309
0.01336  0.481013
0.01317  0.481716
0.01314  0.482419
0.01397  0.483122
0.01415  0.483826
0.01427  0.484529
0.01459  0.485232
0.01456  0.485935
0.01399  0.486639
0.01397  0.487342
0.01457  0.488045
0.01422  0.488748
0.01367  0.489451
0.01375  0.490155
0.0142  0.490858
0.01429  0.491561
0.01419  0.492264
0.01396  0.492968
0.01355  0.493671
0.01379  0.494374
0.01451  0.495077
0.01387  0.495781
0.01283  0.496484
0.01258  0.497187
0.01262  0.49789
0.0126  0.498594
0.01232  0.499297
0.0117  0.5
0.01145  0.500703
0.01213  0.501406
0.01186  0.50211
0.01164  0.502813
0.01217  0.503516
0.01247  0.504219
0.01314  0.504923
0.01341  0.505626
0.01288  0.506329
0.01289  0.507032
0.01333  0.507736
0.01348  0.508439
0.01298  0.509142
0.0124  0.509845
0.01164  0.510549
0.01119  0.511252
0.01166  0.511955
0.01197  0.512658
0.0118  0.513361
0.01164  0.514065
0.01179  0.514768
0.0115  0.515471
0.01178  0.516174
0.01248  0.516878
0.01255  0.517581
0.01242  0.518284
0.01234  0.518987
0.01289  0.519691
0.01319  0.520394
0.01266  0.521097
0.01191  0.5218
0.01161  0.522504
0.01156  0.523207
0.01119  0.52391
0.01097  0.524613
0.01082  0.525316
0.01135  0.52602
0.01187  0.526723
0.01183  0.527426
0.01232  0.528129
0.01269  0.528833
0.0123  0.529536
0.01193  0.530239
0.01168  0.530942
0.01112  0.531646
0.01115  0.532349
0.01139  0.533052
0.01111  0.533755
0.01077  0.534459
0.01052  0.535162
0.01065  0.535865
0.01108  0.536568
0.01117  0.537271
0.01136  0.537975
0.01167  0.538678
0.01121  0.539381
0.01033  0.540084
0.00972  0.540788
0.00998  0.541491
0.00969  0.542194
0.00853  0.542897
0.00874  0.543601
0.00901  0.544304
0.00858  0.545007
0.00794  0.54571
0.00716  0.546414
0.00751  0.547117
0.0079  0.54782
0.008  0.548523
0.00798  0.549226
0.00776  0.54993
0.00795  0.550633
0.00848  0.551336
0.00897  0.552039
0.00899  0.552743
0.00902  0.553446
0.00886  0.554149
0.00894  0.554852
0.00924  0.555556
0.00939  0.556259
0.00886  0.556962
0.00778  0.557665
0.00806  0.558368
0.00885  0.559072
0.00882  0.559775
0.00906  0.560478
0.00971  0.561181
0.00975  0.561885
0.00948  0.562588
0.00891  0.563291
0.00809  0.563994
0.00784  0.564698
0.00748  0.565401
0.00738  0.566104
0.00747  0.566807
0.00713  0.567511
0.00683  0.568214
0.00688  0.568917
0.0071  0.56962
0.00713  0.570323
0.00716  0.571027
0.0072  0.57173
0.00711  0.572433
0.00734  0.573136
0.00783  0.57384
0.00823  0.574543
0.00866  0.575246
0.00885  0.575949
0.0091  0.576653
0.00929  0.577356
0.00932  0.578059
0.01004  0.578762
0.01025  0.579466
0.00983  0.580169
0.01037  0.580872
0.01091  0.581575
0.01113  0.582278
0.01145  0.582982
0.01221  0.583685
0.01298  0.584388
0.01219  0.585091
0.01122  0.585795
0.01081  0.586498
0.01019  0.587201
0.0101  0.587904
0.00995  0.588608
0.00985  0.589311
0.01001  0.590014
0.00983  0.590717
0.00979  0.591421
0.01005  0.592124
0.01001  0.592827
0.00959  0.59353
0.00859  0.594233
0.00761  0.594937
0.00772  0.59564
0.00766  0.596343
0.00716  0.597046
0.00679  0.59775
0.00646  0.598453
0.0065  0.599156
0.00666  0.599859
0.00627  0.600563
0.00617  0.601266
0.00688  0.601969
0.00693  0.602672
0.00651  0.603376
0.00622  0.604079
0.00585  0.604782
0.00577  0.605485
0.00619  0.606188
0.00629  0.606892
0.00605  0.607595
0.00609  0.608298
0.00606  0.609001
0.00576  0.609705
0.00511  0.610408
0.00503  0.611111
0.00525  0.611814
0.00509  0.612518
0.00497  0.613221
0.00491  0.613924
0.00524  0.614627
0.00533  0.615331
0.00529  0.616034
0.00542  0.616737
0.0054  0.61744
0.00522  0.618143
0.00576  0.618847
0.00654  0.61955
0.00625  0.620253
0.00566  0.620956
0.00547  0.62166
0.00555  0.622363
0.00539  0.623066
0.00527  0.623769
0.00512  0.624473
0.00534  0.625176
0.00584  0.625879
0.0058  0.626582
0.00558  0.627286
0.0052  0.627989
0.00493  0.628692
0.00507  0.629395
0.00516  0.630098
0.00535  0.630802
0.00568  0.631505
0.00507  0.632208
0.00431  0.632911
0.0039  0.633615
0.00371  0.634318
0.0037  0.635021
0.00343  0.635724
0.00347  0.636428
0.00341  0.637131
0.00284  0.637834
0.00228  0.638537
0.00189  0.639241
0.00156  0.639944
0.00158  0.640647
0.00156  0.64135
0.0015  0.642053
0.00189  0.642757
0.00231  0.64346
0.00238  0.644163
0.00218  0.644866
0.002  0.64557
0.00188  0.646273
0.00188  0.646976
0.00196  0.647679
0.00196  0.648383
0.00162  0.649086
0.00124  0.649789
0.00131  0.650492
0.00145  0.651195
0.00142  0.651899
0.00139  0.652602
0.00165  0.653305
0.00206  0.654008
0.00206  0.654712
0.0017  0.655415
0.00125  0.656118
0.00102  0.656821
0.00098  0.657525
0.001  0.658228
0.00113  0.658931
0.00118  0.659634
0.00127  0.660338
0.00145  0.661041
0.0017  0.661744
0.00186  0.662447
0.00183  0.66315
0.00178  0.663854
0.00171  0.664557
0.00172  0.66526
0.00197  0.665963
0.00208  0.666667
0.00219  0.66737
0.00214  0.668073
0.00189  0.668776
0.00197  0.66948
0.00203  0.670183
0.00212  0.670886
0.00207  0.671589
0.00205  0.672293
0.00219  0.672996
0.00203  0.673699
0.00194  0.674402
0.00195  0.675105
0.00175  0.675809
0.00143  0.676512
0.00109  0.677215
0.00088  0.677918
0.00075  0.678622
0.00063  0.679325
0.00061  0.680028
0.00055  0.680731
0.00057  0.681435
0.00072  0.682138
0.00075  0.682841
0.00064  0.683544
0.00059  0.684248
0.0006  0.684951
0.00056  0.685654
0.00044  0.686357
0.00027  0.68706
0.00011  0.687764
3e-05  0.688467
2e-05  0.68917
2e-05  0.689873
4e-05  0.690577
6e-05  0.69128
7e-05  0.691983
5e-05  0.692686
5e-05  0.69339
0.00012  0.694093
0.00019  0.694796
0.00021  0.695499
0.00024  0.696203
0.0003  0.696906
0.00038  0.697609
0.00047  0.698312
0.00061  0.699015
0.00078  0.699719
0.00094  0.700422
0.00099  0.701125
0.00085  0.701828
0.00077  0.702532
0.00065  0.703235
0.00065  0.703938
0.00082  0.704641
0.00082  0.705345
0.00086  0.706048
0.00093  0.706751
0.00096  0.707454
0.00113  0.708158
0.00124  0.708861
0.00103  0.709564
0.00088  0.710267
0.0009  0.71097
0.00088  0.711674
0.00083  0.712377
0.0007  0.71308
0.00064  0.713783
0.00075  0.714487
0.00084  0.71519
0.00089  0.715893
0.00093  0.716596
0.00082  0.7173
0.00068  0.718003
0.00059  0.718706
0.00056  0.719409
0.00058  0.720113
0.00062  0.720816
0.00079  0.721519
0.00091  0.722222
0.00094  0.722925
0.00089  0.723629
0.00088  0.724332
0.00097  0.725035
0.00094  0.725738
0.00094  0.726442
0.0012  0.727145
0.00123  0.727848
0.00106  0.728551
0.00122  0.729255
0.00149  0.729958
0.0016  0.730661
0.00137  0.731364
0.00124  0.732068
0.00137  0.732771
0.00152  0.733474
0.00153  0.734177
0.00144  0.73488
0.00133  0.735584
0.00124  0.736287
0.0014  0.73699
0.00155  0.737693
0.00147  0.738397
0.00164  0.7391
0.00193  0.739803
0.00174  0.740506
0.00144  0.74121
0.00128  0.741913
0.00119  0.742616
0.00127  0.743319
0.00143  0.744023
0.00163  0.744726
0.00175  0.745429
0.00161  0.746132
0.00133  0.746835
0.00121  0.747539
0.00129  0.748242
0.00111  0.748945
0.00091  0.749648
0.00099  0.750352
0.00102  0.751055
0.00086  0.751758
0.0006  0.752461
0.0005  0.753165
0.00057  0.753868
0.0006  0.754571
0.00065  0.755274
0.00076  0.755977
0.00098  0.756681
0.00106  0.757384
0.00097  0.758087
0.00104  0.75879
0.00112  0.759494
0.00119  0.760197
0.00123  0.7609
0.0013  0.761603
0.00145  0.762307
0.00125  0.76301
0.00096  0.763713
0.00084  0.764416
0.00092  0.76512
0.00106  0.765823
0.00091  0.766526
0.00071  0.767229
0.00064  0.767932
0.00078  0.768636
0.00083  0.769339
0.00084  0.770042
0.00104  0.770745
0.00119  0.771449
0.00143  0.772152
0.00163  0.772855
0.00149  0.773558
0.00121  0.774262
0.00105  0.774965
0.00087  0.775668
0.00068  0.776371
0.00067  0.777075
0.00062  0.777778
0.00056  0.778481
0.00052  0.779184
0.00063  0.779887
0.00084  0.780591
0.00072  0.781294
0.00049  0.781997
0.00058  0.7827
0.0008  0.783404
0.00089  0.784107
0.00082  0.78481
0.00074  0.785513
0.00071  0.786217
0.00054  0.78692
0.00037  0.787623
0.00039  0.788326
0.00055  0.78903
0.00064  0.789733
0.00057  0.790436
0.00065  0.791139
0.00084  0.791842
0.00084  0.792546
0.00084  0.793249
0.0009  0.793952
0.00096  0.794655
0.00095  0.795359
0.00094  0.796062
0.00094  0.796765
0.00088  0.797468
0.00089  0.798172
0.00103  0.798875
0.0013  0.799578
0.00142  0.800281
0.00129  0.800985
0.00105  0.801688
0.00091  0.802391
0.00093  0.803094
0.0009  0.803797
0.00101  0.804501
0.00108  0.805204
0.00088  0.805907
0.00076  0.80661
0.00076  0.807314
0.00092  0.808017
0.00119  0.80872
0.00136  0.809423
0.00136  0.810127
0.00141  0.81083
0.00148  0.811533
0.00134  0.812236
0.0014  0.81294
0.00147  0.813643
0.00131  0.814346
0.00126  0.815049
0.00135  0.815752
0.00136  0.816456
0.0013  0.817159
0.00124  0.817862
0.00126  0.818565
0.00115  0.819269
0.00082  0.819972
0.00063  0.820675
0.00059  0.821378
0.0007  0.822082
0.00084  0.822785
0.00083  0.823488
0.0008  0.824191
0.00089  0.824895
0.001  0.825598
0.00096  0.826301
0.00088  0.827004
0.00099  0.827707
0.00112  0.828411
0.00124  0.829114
0.00139  0.829817
0.00144  0.83052
0.00153  0.831224
0.00184  0.831927
0.00196  0.83263
0.00199  0.833333
0.00212  0.834037
0.00227  0.83474
0.00229  0.835443
0.00212  0.836146
0.00199  0.83685
0.00189  0.837553
0.00171  0.838256
0.00153  0.838959
0.00159  0.839662
0.00174  0.840366
0.00178  0.841069
0.00176  0.841772
0.00175  0.842475
0.00167  0.843179
0.00159  0.843882
0.00141  0.844585
0.0012  0.845288
0.00109  0.845992
0.00105  0.846695
0.00127  0.847398
0.00157  0.848101
0.00168  0.848805
0.00174  0.849508
0.00195  0.850211
0.00202  0.850914
0.00207  0.851617
0.00226  0.852321
0.00252  0.853024
0.00262  0.853727
0.00253  0.85443
0.00265  0.855134
0.00267  0.855837
0.00238  0.85654
0.00221  0.857243
0.00215  0.857947
0.00204  0.85865
0.00192  0.859353
0.00158  0.860056
0.00145  0.860759
0.00127  0.861463
0.00097  0.862166
0.00095  0.862869
0.00093  0.863572
0.00084  0.864276
0.00075  0.864979
0.00058  0.865682
0.0005  0.866385
0.00056  0.867089
0.00056  0.867792
0.00064  0.868495
0.00059  0.869198
0.00042  0.869902
0.00054  0.870605
0.00069  0.871308
0.00066  0.872011
0.00074  0.872714
0.00081  0.873418
0.00069  0.874121
0.00052  0.874824
0.00033  0.875527
0.00015  0.876231
6e-05  0.876934
5e-05  0.877637
0.0001  0.87834
0.00022  0.879044
0.00025  0.879747
0.00017  0.88045
0.00015  0.881153
0.00012  0.881857
0.00013  0.88256
0.00012  0.883263
8e-05  0.883966
8e-05  0.884669
3e-05  0.885373
0  0.886076
0  0.886779
0  0.887482
0  0.888186
0  0.888889
0  0.889592
0  0.890295
0  0.890999
0  0.891702
0  0.892405
0  0.893108
0  0.893812
0  0.894515
0  0.895218
0  0.895921
0  0.896624
0  0.897328
0  0.898031
0  0.898734
0  0.899437
0  0.900141
0  0.900844
0  0.901547
0  0.90225
0  0.902954
0  0.903657
0  0.90436
0  0.905063
0  0.905767
0  0.90647
0  0.907173
0  0.907876
0  0.908579
0  0.909283
0  0.909986
0  0.910689
0  0.911392
0  0.912096
0  0.912799
0  0.913502
0  0.914205
0  0.914909
0  0.915612
0  0.916315
0  0.917018
0  0.917722
0  0.918425
0  0.919128
0  0.919831
0  0.920534
0  0.921238
0  0.921941
0  0.922644
0  0.923347
0  0.924051
0  0.924754
0  0.925457
0  0.92616
0  0.926864
0  0.927567
0  0.92827
0  0.928973
0  0.929677
0  0.93038
0  0.931083
0  0.931786
0  0.932489
0  0.933193
0  0.933896
0  0.934599
0  0.935302
0  0.936006
0  0.936709
0  0.937412
0  0.938115
0  0.938819
0  0.939522
0  0.940225
0  0.940928
0  0.941632
0  0.942335
0  0.943038
0  0.943741
0  0.944444
0  0.945148
0  0.945851
0  0.946554
0  0.947257
0  0.947961
0  0.948664
0  0.949367
0  0.95007
0  0.950774
0  0.951477
0  0.95218
0  0.952883
0  0.953586
0  0.95429
0  0.954993
0  0.955696
0  0.956399
0  0.957103
0  0.957806
0  0.958509
0  0.959212
0  0.959916
0  0.960619
0  0.961322
0  0.962025
0  0.962729
0  0.963432
0  0.964135
0  0.964838
0  0.965541
0  0.966245
0  0.966948
0  0.967651
0  0.968354
0  0.969058
0  0.969761
0  0.970464
0  0.971167
0  0.971871
0  0.972574
0  0.973277
0  0.97398
0  0.974684
0  0.975387
0  0.97609
0  0.976793
0  0.977496
0  0.9782
0  0.978903
0  0.979606
0  0.980309
0  0.981013
0  0.981716
0  0.982419
0  0.983122
0  0.983826
0  0.984529
0  0.985232
0  0.985935
0  0.986639
0  0.987342
0  0.988045
0  0.988748
0  0.989451
0  0.990155
0  0.990858
0  0.991561
0  0.992264
0  0.992968
0  0.993671
0  0.994374
0  0.995077
0  0.995781
0  0.996484
0  0.997187
0  0.99789
0  0.998594
0  0.999297
0  1
