1  0
0.99826  0.00438596
0.98976  0.00877193
0.97681  0.0131579
0.96645  0.0175439
0.96044  0.0219298
0.95222  0.0263158
0.93976  0.0307018
0.92951  0.0350877
0.9228  0.0394737
0.91805  0.0438596
0.90916  0.0482456
0.90142  0.0526316
0.89998  0.0570175
0.89478  0.0614035
0.8842  0.0657895
0.8787  0.0701754
0.87148  0.0745614
0.85811  0.0789474
0.84806  0.0833333
0.8388  0.0877193
0.83161  0.0921053
0.82438  0.0964912
0.81561  0.100877
0.80937  0.105263
0.80185  0.109649
0.79399  0.114035
0.78739  0.118421
0.77794  0.122807
0.7661  0.127193
0.75626  0.131579
0.74616  0.135965
0.73472  0.140351
0.72513  0.144737
0.71353  0.149123
0.70113  0.153509
0.69224  0.157895
0.68059  0.162281
0.67177  0.166667
0.66904  0.171053
0.66639  0.175439
0.65548  0.179825
0.64043  0.184211
0.63559  0.188596
0.63615  0.192982
0.6335  0.197368
0.62805  0.201754
0.61712  0.20614
0.60397  0.210526
0.59495  0.214912
0.58588  0.219298
0.57931  0.223684
0.57088  0.22807
0.56005  0.232456
0.55026  0.236842
0.53901  0.241228
0.53013  0.245614
0.52686  0.25
0.52603  0.254386
0.51931  0.258772
0.51065  0.263158
0.50677  0.267544
0.50531  0.27193
0.50122  0.276316
0.49903  0.280702
0.49671  0.285088
0.48623  0.289474
0.48043  0.29386
0.47662  0.298246
0.46875  0.302632
0.46667  0.307018
0.46463  0.311404
0.45691  0.315789
0.45242  0.320175
0.45054  0.324561
0.44298  0.328947
0.43652  0.333333
0.43237  0.337719
0.42833  0.342105
0.42226  0.346491
0.41423  0.350877
0.4089  0.355263
0.40691  0.359649
0.40408  0.364035
0.39568  0.368421
0.38853  0.372807
0.38671  0.377193
0.3841  0.381579
0.37872  0.385965
0.37692  0.390351
0.37584  0.394737
0.37124  0.399123
0.36729  0.403509
0.36196  0.407895
0.35568  0.412281
0.3492  0.416667
0.34537  0.421053
0.34341  0.425439
0.33914  0.429825
0.32894  0.434211
0.31735  0.438596
0.31098  0.442982
0.30589  0.447368
0.30091  0.451754
0.29906  0.45614
0.29558  0.460526
0.28843  0.464912
0.28198  0.469298
0.27818  0.473684
0.27488  0.47807
0.26736  0.482456
0.26067  0.486842
0.2582  0.491228
0.25383  0.495614
0.24811  0.5
0.24344  0.504386
0.23814  0.508772
0.23213  0.513158
0.22662  0.517544
0.22394  0.52193
0.22204  0.526316
0.21794  0.530702
0.21251  0.535088
0.20891  0.539474
0.2073  0.54386
0.20264  0.548246
0.20077  0.552632
0.19781  0.557018
0.19372  0.561404
0.19066  0.565789
0.18449  0.570175
0.17953  0.574561
0.17552  0.578947
0.1705  0.583333
0.16671  0.587719
0.16491  0.592105
0.16201  0.596491
0.15611  0.600877
0.15167  0.605263
0.15041  0.609649
0.14957  0.614035
0.14907  0.618421
0.14645  0.622807
0.14264  0.627193
0.14024  0.631579
0.13906  0.635965
0.13784  0.640351
0.13425  0.644737
0.13029  0.649123
0.12758  0.653509
0.12478  0.657895
0.12278  0.662281
0.12039  0.666667
0.11841  0.671053
0.11683  0.675439
0.11449  0.679825
0.11396  0.684211
0.11157  0.688596
0.1071  0.692982
0.10454  0.697368
0.10231  0.701754
0.10093  0.70614
0.09863  0.710526
0.09888  0.714912
0.1012  0.719298
0.09797  0.723684
0.0947  0.72807
0.09427  0.732456
0.09348  0.736842
0.09048  0.741228
0.08814  0.745614
0.08782  0.75
0.08702  0.754386
0.08514  0.758772
0.08329  0.763158
0.08379  0.767544
0.08463  0.77193
0.08231  0.776316
0.07919  0.780702
0.07779  0.785088
0.07631  0.789474
0.07389  0.79386
0.07215  0.798246
0.06958  0.802632
0.06614  0.807018
0.0655  0.811404
0.06553  0.815789
0.06455  0.820175
0.06359  0.824561
0.06055  0.828947
0.05777  0.833333
0.05638  0.837719
0.05464  0.842105
0.05322  0.846491
0.05257  0.850877
0.05152  0.855263
0.04996  0.859649
0.047  0.864035
0.04524  0.868421
0.04384  0.872807
0.04086  0.877193
0.03766  0.881579
0.03578  0.885965
0.03523  0.890351
0.03438  0.894737
0.03305  0.899123
0.03211  0.903509
0.03208  0.907895
0.03146  0.912281
0.0295  0.916667
0.02703  0.921053
0.02511  0.925439
0.02373  0.929825
0.02176  0.934211
0.0198  0.938596
0.01849  0.942982
0.0171  0.947368
0.01519  0.951754
0.01338  0.95614
0.01215  0.960526
0.01087  0.964912
0.00946  0.969298
0.0083  0.973684
0.00695  0.97807
0.0054  0.982456
0.00418  0.986842
0.00317  0.991228
0.00167  0.995614
0  1
