1  0
0.9727  0.000703235
0.9491  0.00140647
0.92963  0.0021097
0.91115  0.00281294
0.88465  0.00351617
0.85455  0.00421941
0.83025  0.00492264
0.80707  0.00562588
0.78214  0.00632911
0.75968  0.00703235
0.73221  0.00773558
0.70674  0.00843882
0.68306  0.00914205
0.65617  0.00984529
0.6334  0.0105485
0.6147  0.0112518
0.59496  0.011955
0.57478  0.0126582
0.55397  0.0133615
0.53074  0.0140647
0.50883  0.0147679
0.49382  0.0154712
0.4766  0.0161744
0.4562  0.0168776
0.43521  0.0175809
0.41524  0.0182841
0.39507  0.0189873
0.3785  0.0196906
0.36465  0.0203938
0.34722  0.021097
0.32708  0.0218003
0.30822  0.0225035
0.28954  0.0232068
0.27501  0.02391
0.26485  0.0246132
0.25287  0.0253165
0.23821  0.0260197
0.22651  0.0267229
0.21689  0.0274262
0.20739  0.0281294
0.19661  0.0288326
0.18619  0.0295359
0.17624  0.0302391
0.16911  0.0309423
0.16167  0.0316456
0.15143  0.0323488
0.13933  0.033052
0.12779  0.0337553
0.11726  0.0344585
0.10935  0.0351617
0.102  0.035865
0.09539  0.0365682
0.08855  0.0372714
0.08259  0.0379747
0.07662  0.0386779
0.07266  0.0393812
0.06908  0.0400844
0.06414  0.0407876
0.05964  0.0414909
0.05683  0.0421941
0.05389  0.0428973
0.05162  0.0436006
0.0465  0.0443038
0.04145  0.045007
0.03882  0.0457103
0.03676  0.0464135
0.03424  0.0471167
0.03086  0.04782
0.02685  0.0485232
0.02502  0.0492264
0.02449  0.0499297
0.02344  0.0506329
0.0213  0.0513361
0.0193  0.0520394
0.01835  0.0527426
0.01734  0.0534459
0.01526  0.0541491
0.01341  0.0548523
0.01166  0.0555556
0.01021  0.0562588
0.00901  0.056962
0.00825  0.0576653
0.00764  0.0583685
0.00689  0.0590717
0.006  0.059775
0.00535  0.0604782
0.00516  0.0611814
0.00511  0.0618847
0.00434  0.0625879
0.00359  0.0632911
0.0036  0.0639944
0.00359  0.0646976
0.00311  0.0654008
0.00283  0.0661041
0.00256  0.0668073
0.00221  0.0675105
0.0019  0.0682138
0.00158  0.068917
0.00133  0.0696203
0.00141  0.0703235
0.00145  0.0710267
0.00129  0.07173
0.00112  0.0724332
0.00091  0.0731364
0.00078  0.0738397
0.00069  0.0745429
0.00068  0.0752461
0.00077  0.0759494
0.00049  0.0766526
0.00024  0.0773558
0.00018  0.0780591
0.00019  0.0787623
0.00018  0.0794655
0.00011  0.0801688
4e-05  0.080872
1e-05  0.0815752
1e-05  0.0822785
1e-05  0.0829817
0  0.083685
0  0.0843882
0  0.0850914
0  0.0857947
0  0.0864979
0  0.0872011
0  0.0879044
0  0.0886076
0  0.0893108
0  0.0900141
0  0.0907173
0  0.0914205
0  0.0921238
0  0.092827
0  0.0935302
0  0.0942335
0  0.0949367
0  0.0956399
0  0.0963432
0  0.0970464
0  0.0977496
0  0.0984529
0  0.0991561
0  0.0998594
0  0.100563
0  0.101266
0  0.101969
0  0.102672
0  0.103376
0  0.104079
0  0.104782
0  0.105485
0  0.106188
0  0.106892
0  0.107595
0  0.108298
0  0.109001
0  0.109705
0  0.110408
0  0.111111
0  0.111814
0  0.112518
0  0.113221
0  0.113924
0  0.114627
0  0.115331
0  0.116034
0  0.116737
0  0.11744
0  0.118143
0  0.118847
0  0.11955
0  0.120253
0  0.120956
0  0.12166
0  0.122363
0  0.123066
0  0.123769
0  0.124473
0  0.125176
0  0.125879
0  0.126582
0  0.127286
0  0.127989
0  0.128692
0  0.129395
0  0.130098
0  0.130802
0  0.131505
0  0.132208
0  0.132911
0  0.133615
0  0.134318
0  0.135021
0  0.135724
0  0.136428
0  0.137131
0  0.137834
0  0.138537
0  0.139241
0  0.139944
0  0.140647
0  0.14135
0  0.142053
0  0.142757
0  0.14346
0  0.144163
0  0.144866
0  0.14557
0  0.146273
0  0.146976
0  0.147679
0  0.148383
0  0.149086
0  0.149789
0  0.150492
0  0.151195
0  0.151899
0  0.152602
0  0.153305
0  0.154008
0  0.154712
0  0.155415
0  0.156118
0  0.156821
0  0.157525
0  0.158228
0  0.158931
0  0.159634
0  0.160338
0  0.161041
0  0.161744
0  0.162447
0  0.16315
0  0.163854
0  0.164557
0  0.16526
0  0.165963
0  0.166667
0  0.16737
0  0.168073
0  0.168776
0  0.16948
0  0.170183
0  0.170886
0  0.171589
0  0.172293
0  0.172996
0  0.173699
0  0.174402
0  0.175105
0  0.175809
0  0.176512
0  0.177215
0  0.177918
0  0.178622
0  0.179325
0  0.180028
0  0.180731
0  0.181435
0  0.182138
0  0.182841
0  0.183544
0  0.184248
0  0.184951
0  0.185654
0  0.186357
0  0.18706
0  0.187764
0  0.188467
0  0.18917
0  0.189873
0  0.190577
0  0.19128
0  0.191983
0  0.192686
0  0.19339
0  0.194093
0  0.194796
0  0.195499
0  0.196203
0  0.196906
0  0.197609
0  0.198312
0  0.199015
0  0.199719
0  0.200422
0  0.201125
0  0.201828
0  0.202532
0  0.203235
0  0.203938
0  0.204641
0  0.205345
0  0.206048
0  0.206751
0  0.207454
0  0.208158
0  0.208861
0  0.209564
0  0.210267
0  0.21097
0  0.211674
0  0.212377
0  0.21308
0  0.213783
0  0.214487
0  0.21519
0  0.215893
0  0.216596
0  0.2173
0  0.218003
0  0.218706
0  0.219409
0  0.220113
0  0.220816
0  0.221519
0  0.222222
0  0.222925
0  0.223629
0  0.224332
0  0.225035
0  0.225738
0  0.226442
0  0.227145
0  0.227848
0  0.228551
0  0.229255
0  0.229958
0  0.230661
0  0.231364
0  0.232068
0  0.232771
0  0.233474
0  0.234177
0  0.23488
0  0.235584
0  0.236287
0  0.23699
0  0.237693
0  0.238397
0  0.2391
0  0.239803
0  0.240506
0  0.24121
0  0.241913
0  0.242616
0  0.243319
0  0.244023
0  0.244726
0  0.245429
0  0.246132
0  0.246835
0  0.247539
0  0.248242
0  0.248945
0  0.249648
0  0.250352
0  0.251055
0  0.251758
0  0.252461
0  0.253165
0  0.253868
0  0.254571
0  0.255274
0  0.255977
0  0.256681
0  0.257384
0  0.258087
0  0.25879
0  0.259494
0  0.260197
0  0.2609
0  0.261603
0  0.262307
0  0.26301
0  0.263713
0  0.264416
0  0.26512
0  0.265823
0  0.266526
0  0.267229
0  0.267932
0  0.268636
0  0.269339
0  0.270042
0  0.270745
0  0.271449
0  0.272152
0  0.272855
0  0.273558
0  0.274262
0  0.274965
0  0.275668
0  0.276371
0  0.277075
0  0.277778
0  0.278481
0  0.279184
0  0.279887
0  0.280591
0  0.281294
0  0.281997
0  0.2827
0  0.283404
0  0.284107
0  0.28481
0  0.285513
0  0.286217
0  0.28692
0  0.287623
0  0.288326
0  0.28903
0  0.289733
0  0.290436
0  0.291139
0  0.291842
0  0.292546
0  0.293249
0  0.293952
0  0.294655
0  0.295359
0  0.296062
0  0.296765
0  0.297468
0  0.298172
0  0.298875
0  0.299578
0  0.300281
0  0.300985
0  0.301688
0  0.302391
0  0.303094
0  0.303797
0  0.304501
0  0.305204
0  0.305907
0  0.30661
0  0.307314
0  0.308017
0  0.30872
0  0.309423
0  0.310127
0  0.31083
0  0.311533
0  0.312236
0  0.31294
0  0.313643
0  0.314346
0  0.315049
0  0.315752
0  0.316456
0  0.317159
0  0.317862
0  0.318565
0  0.319269
0  0.319972
0  0.320675
0  0.321378
0  0.322082
0  0.322785
0  0.323488
0  0.324191
0  0.324895
0  0.325598
0  0.326301
0  0.327004
0  0.327707
0  0.328411
0  0.329114
0  0.329817
0  0.33052
0  0.331224
0  0.331927
0  0.33263
0  0.333333
0  0.334037
0  0.33474
0  0.335443
0  0.336146
0  0.33685
0  0.337553
0  0.338256
0  0.338959
0  0.339662
0  0.340366
0  0.341069
0  0.341772
0  0.342475
0  0.343179
0  0.343882
0  0.344585
0  0.345288
0  0.345992
0  0.346695
0  0.347398
0  0.348101
0  0.348805
0  0.349508
0  0.350211
0  0.350914
0  0.351617
0  0.352321
0  0.353024
0  0.353727
0  0.35443
0  0.355134
0  0.355837
0  0.35654
0  0.357243
0  0.357947
0  0.35865
0  0.359353
0  0.360056
0  0.360759
0  0.361463
0  0.362166
0  0.362869
0  0.363572
0  0.364276
0  0.364979
0  0.365682
0  0.366385
0  0.367089
0  0.367792
0  0.368495
0  0.369198
0  0.369902
0  0.370605
0  0.371308
0  0.372011
0  0.372714
0  0.373418
0  0.374121
0  0.374824
0  0.375527
0  0.376231
0  0.376934
0  0.377637
0  0.37834
0  0.379044
0  0.379747
0  0.38045
0  0.381153
0  0.381857
0  0.38256
0  0.383263
0  0.383966
0  0.384669
0  0.385373
0  0.386076
0  0.386779
0  0.387482
0  0.388186
0  0.388889
0  0.389592
0  0.390295
0  0.390999
0  0.391702
0  0.392405
0  0.393108
0  0.393812
0  0.394515
0  0.395218
0  0.395921
0  0.396624
0  0.397328
0  0.398031
0  0.398734
0  0.399437
0  0.400141
0  0.400844
0  0.401547
0  0.40225
0  0.402954
0  0.403657
0  0.40436
0  0.405063
0  0.405767
0  0.40647
0  0.407173
0  0.407876
0  0.408579
0  0.409283
0  0.409986
0  0.410689
0  0.411392
0  0.412096
0  0.412799
0  0.413502
0  0.414205
0  0.414909
0  0.415612
0  0.416315
0  0.417018
0  0.417722
0  0.418425
0  0.419128
0  0.419831
0  0.420534
0  0.421238
0  0.421941
0  0.422644
0  0.423347
0  0.424051
0  0.424754
0  0.425457
0  0.42616
0  0.426864
0  0.427567
0  0.42827
0  0.428973
0  0.429677
0  0.43038
0  0.431083
0  0.431786
0  0.432489
0  0.433193
0  0.433896
0  0.434599
0  0.435302
0  0.436006
0  0.436709
0  0.437412
0  0.438115
0  0.438819
0  0.439522
0  0.440225
0  0.440928
0  0.441632
0  0.442335
0  0.443038
0  0.443741
0  0.444444
0  0.445148
0  0.445851
0  0.446554
0  0.447257
0  0.447961
0  0.448664
0  0.449367
0  0.45007
0  0.450774
0  0.451477
0  0.45218
0  0.452883
0  0.453586
0  0.45429
0  0.454993
0  0.455696
0  0.456399
0  0.457103
0  0.457806
0  0.458509
0  0.459212
0  0.459916
0  0.460619
0  0.461322
0  0.462025
0  0.462729
0  0.463432
0  0.464135
0  0.464838
0  0.465541
0  0.466245
0  0.466948
0  0.467651
0  0.468354
0  0.469058
0  0.469761
0  0.470464
0  0.471167
0  0.471871
0  0.472574
0  0.473277
0  0.47398
0  0.474684
0  0.475387
0  0.47609
0  0.476793
0  0.477496
0  0.4782
0  0.478903
0  0.479606
0  0.480309
0  0.481013
0  0.481716
0  0.482419
0  0.483122
0  0.483826
0  0.484529
0  0.485232
0  0.485935
0  0.486639
0  0.487342
0  0.488045
0  0.488748
0  0.489451
0  0.490155
0  0.490858
0  0.491561
0  0.492264
0  0.492968
0  0.493671
0  0.494374
0  0.495077
0  0.495781
0  0.496484
0  0.497187
0  0.49789
0  0.498594
0  0.499297
0  0.5
0  0.500703
0  0.501406
0  0.50211
0  0.502813
0  0.503516
0  0.504219
0  0.504923
0  0.505626
0  0.506329
0  0.507032
0  0.507736
0  0.508439
0  0.509142
0  0.509845
0  0.510549
0  0.511252
0  0.511955
0  0.512658
0  0.513361
0  0.514065
0  0.514768
0  0.515471
0  0.516174
0  0.516878
0  0.517581
0  0.518284
0  0.518987
0  0.519691
0  0.520394
0  0.521097
0  0.5218
0  0.522504
0  0.523207
0  0.52391
0  0.524613
0  0.525316
0  0.52602
0  0.526723
0  0.527426
0  0.528129
0  0.528833
0  0.529536
0  0.530239
0  0.530942
0  0.531646
0  0.532349
0  0.533052
0  0.533755
0  0.534459
0  0.535162
0  0.535865
0  0.536568
0  0.537271
0  0.537975
0  0.538678
0  0.539381
0  0.540084
0  0.540788
0  0.541491
0  0.542194
0  0.542897
0  0.543601
0  0.544304
0  0.545007
0  0.54571
0  0.546414
0  0.547117
0  0.54782
0  0.548523
0  0.549226
0  0.54993
0  0.550633
0  0.551336
0  0.552039
0  0.552743
0  0.553446
0  0.554149
0  0.554852
0  0.555556
0  0.556259
0  0.556962
0  0.557665
0  0.558368
0  0.559072
0  0.559775
0  0.560478
0  0.561181
0  0.561885
0  0.562588
0  0.563291
0  0.563994
0  0.564698
0  0.565401
0  0.566104
0  0.566807
0  0.567511
0  0.568214
0  0.568917
0  0.56962
0  0.570323
0  0.571027
0  0.57173
0  0.572433
0  0.573136
0  0.57384
0  0.574543
0  0.575246
0  0.575949
0  0.576653
0  0.577356
0  0.578059
0  0.578762
0  0.579466
0  0.580169
0  0.580872
0  0.581575
0  0.582278
0  0.582982
0  0.583685
0  0.584388
0  0.585091
0  0.585795
0  0.586498
0  0.587201
0  0.587904
0  0.588608
0  0.589311
0  0.590014
0  0.590717
0  0.591421
0  0.592124
0  0.592827
0  0.59353
0  0.594233
0  0.594937
0  0.59564
0  0.596343
0  0.597046
0  0.59775
0  0.598453
0  0.599156
0  0.599859
0  0.600563
0  0.601266
0  0.601969
0  0.602672
0  0.603376
0  0.604079
0  0.604782
0  0.605485
0  0.606188
0  0.606892
0  0.607595
0  0.608298
0  0.609001
0  0.609705
0  0.610408
0  0.611111
0  0.611814
0  0.612518
0  0.613221
0  0.613924
0  0.614627
0  0.615331
0  0.616034
0  0.616737
0  0.61744
0  0.618143
0  0.618847
0  0.61955
0  0.620253
0  0.620956
0  0.62166
0  0.622363
0  0.623066
0  0.623769
0  0.624473
0  0.625176
0  0.625879
0  0.626582
0  0.627286
0  0.627989
0  0.628692
0  0.629395
0  0.630098
0  0.630802
0  0.631505
0  0.632208
0  0.632911
0  0.633615
0  0.634318
0  0.635021
0  0.635724
0  0.636428
0  0.637131
0  0.637834
0  0.638537
0  0.639241
0  0.639944
0  0.640647
0  0.64135
0  0.642053
0  0.642757
0  0.64346
0  0.644163
0  0.644866
0  0.64557
0  0.646273
0  0.646976
0  0.647679
0  0.648383
0  0.649086
0  0.649789
0  0.650492
0  0.651195
0  0.651899
0  0.652602
0  0.653305
0  0.654008
0  0.654712
0  0.655415
0  0.656118
0  0.656821
0  0.657525
0  0.658228
0  0.658931
0  0.659634
0  0.660338
0  0.661041
0  0.661744
0  0.662447
0  0.66315
0  0.663854
0  0.664557
0  0.66526
0  0.665963
0  0.666667
0  0.66737
0  0.668073
0  0.668776
0  0.66948
0  0.670183
0  0.670886
0  0.671589
0  0.672293
0  0.672996
0  0.673699
0  0.674402
0  0.675105
0  0.675809
0  0.676512
0  0.677215
0  0.677918
0  0.678622
0  0.679325
0  0.680028
0  0.680731
0  0.681435
0  0.682138
0  0.682841
0  0.683544
0  0.684248
0  0.684951
0  0.685654
0  0.686357
0  0.68706
0  0.687764
0  0.688467
0  0.68917
0  0.689873
0  0.690577
0  0.69128
0  0.691983
0  0.692686
0  0.69339
0  0.694093
0  0.694796
0  0.695499
0  0.696203
0  0.696906
0  0.697609
0  0.698312
0  0.699015
0  0.699719
0  0.700422
0  0.701125
0  0.701828
0  0.702532
0  0.703235
0  0.703938
0  0.704641
0  0.705345
0  0.706048
0  0.706751
0  0.707454
0  0.708158
0  0.708861
0  0.709564
0  0.710267
0  0.71097
0  0.711674
0  0.712377
0  0.71308
0  0.713783
0  0.714487
0  0.71519
0  0.715893
0  0.716596
0  0.7173
0  0.718003
0  0.718706
0  0.719409
0  0.720113
0  0.720816
0  0.721519
0  0.722222
0  0.722925
0  0.723629
0  0.724332
0  0.725035
0  0.725738
0  0.726442
0  0.727145
0  0.727848
0  0.728551
0  0.729255
0  0.729958
0  0.730661
0  0.731364
0  0.732068
0  0.732771
0  0.733474
0  0.734177
0  0.73488
0  0.735584
0  0.736287
0  0.73699
0  0.737693
0  0.738397
0  0.7391
0  0.739803
0  0.740506
0  0.74121
0  0.741913
0  0.742616
0  0.743319
0  0.744023
0  0.744726
0  0.745429
0  0.746132
0  0.746835
0  0.747539
0  0.748242
0  0.748945
0  0.749648
0  0.750352
0  0.751055
0  0.751758
0  0.752461
0  0.753165
0  0.753868
0  0.754571
0  0.755274
0  0.755977
0  0.756681
0  0.757384
0  0.758087
0  0.75879
0  0.759494
0  0.760197
0  0.7609
0  0.761603
0  0.762307
0  0.76301
0  0.763713
0  0.764416
0  0.76512
0  0.765823
0  0.766526
0  0.767229
0  0.767932
0  0.768636
0  0.769339
0  0.770042
0  0.770745
0  0.771449
0  0.772152
0  0.772855
0  0.773558
0  0.774262
0  0.774965
0  0.775668
0  0.776371
0  0.777075
0  0.777778
0  0.778481
0  0.779184
0  0.779887
0  0.780591
0  0.781294
0  0.781997
0  0.7827
0  0.783404
0  0.784107
0  0.78481
0  0.785513
0  0.786217
0  0.78692
0  0.787623
0  0.788326
0  0.78903
0  0.789733
0  0.790436
0  0.791139
0  0.791842
0  0.792546
0  0.793249
0  0.793952
0  0.794655
0  0.795359
0  0.796062
0  0.796765
0  0.797468
0  0.798172
0  0.798875
0  0.799578
0  0.800281
0  0.800985
0  0.801688
0  0.802391
0  0.803094
0  0.803797
0  0.804501
0  0.805204
0  0.805907
0  0.80661
0  0.807314
0  0.808017
0  0.80872
0  0.809423
0  0.810127
0  0.81083
0  0.811533
0  0.812236
0  0.81294
0  0.813643
0  0.814346
0  0.815049
0  0.815752
0  0.816456
0  0.817159
0  0.817862
0  0.818565
0  0.819269
0  0.819972
0  0.820675
0  0.821378
0  0.822082
0  0.822785
0  0.823488
0  0.824191
0  0.824895
0  0.825598
0  0.826301
0  0.827004
0  0.827707
0  0.828411
0  0.829114
0  0.829817
0  0.83052
0  0.831224
0  0.831927
0  0.83263
0  0.833333
0  0.834037
0  0.83474
0  0.835443
0  0.836146
0  0.83685
0  0.837553
0  0.838256
0  0.838959
0  0.839662
0  0.840366
0  0.841069
0  0.841772
0  0.842475
0  0.843179
0  0.843882
0  0.844585
0  0.845288
0  0.845992
0  0.846695
0  0.847398
0  0.848101
0  0.848805
0  0.849508
0  0.850211
0  0.850914
0  0.851617
0  0.852321
0  0.853024
0  0.853727
0  0.85443
0  0.855134
0  0.855837
0  0.85654
0  0.857243
0  0.857947
0  0.85865
0  0.859353
0  0.860056
0  0.860759
0  0.861463
0  0.862166
0  0.862869
0  0.863572
0  0.864276
0  0.864979
0  0.865682
0  0.866385
0  0.867089
0  0.867792
0  0.868495
0  0.869198
0  0.869902
0  0.870605
0  0.871308
0  0.872011
0  0.872714
0  0.873418
0  0.874121
0  0.874824
0  0.875527
0  0.876231
0  0.876934
0  0.877637
0  0.87834
0  0.879044
0  0.879747
0  0.88045
0  0.881153
0  0.881857
0  0.88256
0  0.883263
0  0.883966
0  0.884669
0  0.885373
0  0.886076
0  0.886779
0  0.887482
0  0.888186
0  0.888889
0  0.889592
0  0.890295
0  0.890999
0  0.891702
0  0.892405
0  0.893108
0  0.893812
0  0.894515
0  0.895218
0  0.895921
0  0.896624
0  0.897328
0  0.898031
0  0.898734
0  0.899437
0  0.900141
0  0.900844
0  0.901547
0  0.90225
0  0.902954
0  0.903657
0  0.90436
0  0.905063
0  0.905767
0  0.90647
0  0.907173
0  0.907876
0  0.908579
0  0.909283
0  0.909986
0  0.910689
0  0.911392
0  0.912096
0  0.912799
0  0.913502
0  0.914205
0  0.914909
0  0.915612
0  0.916315
0  0.917018
0  0.917722
0  0.918425
0  0.919128
0  0.919831
0  0.920534
0  0.921238
0  0.921941
0  0.922644
0  0.923347
0  0.924051
0  0.924754
0  0.925457
0  0.92616
0  0.926864
0  0.927567
0  0.92827
0  0.928973
0  0.929677
0  0.93038
0  0.931083
0  0.931786
0  0.932489
0  0.933193
0  0.933896
0  0.934599
0  0.935302
0  0.936006
0  0.936709
0  0.937412
0  0.938115
0  0.938819
0  0.939522
0  0.940225
0  0.940928
0  0.941632
0  0.942335
0  0.943038
0  0.943741
0  0.944444
0  0.945148
0  0.945851
0  0.946554
0  0.947257
0  0.947961
0  0.948664
0  0.949367
0  0.95007
0  0.950774
0  0.951477
0  0.95218
0  0.952883
0  0.953586
0  0.95429
0  0.954993
0  0.955696
0  0.956399
0  0.957103
0  0.957806
0  0.958509
0  0.959212
0  0.959916
0  0.960619
0  0.961322
0  0.962025
0  0.962729
0  0.963432
0  0.964135
0  0.964838
0  0.965541
0  0.966245
0  0.966948
0  0.967651
0  0.968354
0  0.969058
0  0.969761
0  0.970464
0  0.971167
0  0.971871
0  0.972574
0  0.973277
0  0.97398
0  0.974684
0  0.975387
0  0.97609
0  0.976793
0  0.977496
0  0.9782
0  0.978903
0  0.979606
0  0.980309
0  0.981013
0  0.981716
0  0.982419
0  0.983122
0  0.983826
0  0.984529
0  0.985232
0  0.985935
0  0.986639
0  0.987342
0  0.988045
0  0.988748
0  0.989451
0  0.990155
0  0.990858
0  0.991561
0  0.992264
0  0.992968
0  0.993671
0  0.994374
0  0.995077
0  0.995781
0  0.996484
0  0.997187
0  0.99789
0  0.998594
0  0.999297
0  1
