1  0
0.99849  0.000703235
0.99295  0.00140647
0.98757  0.0021097
0.98862  0.00281294
0.98998  0.00351617
0.98932  0.00421941
0.98882  0.00492264
0.98591  0.00562588
0.98349  0.00632911
0.98267  0.00703235
0.9816  0.00773558
0.98106  0.00843882
0.97727  0.00914205
0.97683  0.00984529
0.97992  0.0105485
0.97569  0.0112518
0.97219  0.011955
0.97373  0.0126582
0.96931  0.0133615
0.96565  0.0140647
0.96799  0.0147679
0.97049  0.0154712
0.97499  0.0161744
0.98026  0.0168776
0.98277  0.0175809
0.98423  0.0182841
0.98611  0.0189873
0.98971  0.0196906
0.99414  0.0203938
0.99254  0.021097
0.99018  0.0218003
0.98818  0.0225035
0.98941  0.0232068
0.992  0.02391
0.99171  0.0246132
0.99101  0.0253165
0.98363  0.0260197
0.97677  0.0267229
0.98048  0.0274262
0.98463  0.0281294
0.97818  0.0288326
0.97261  0.0295359
0.97565  0.0302391
0.98052  0.0309423
0.9825  0.0316456
0.98639  0.0323488
0.98326  0.033052
0.97954  0.0337553
0.98146  0.0344585
0.97983  0.0351617
0.97295  0.035865
0.96151  0.0365682
0.95914  0.0372714
0.96124  0.0379747
0.96191  0.0386779
0.96277  0.0393812
0.95766  0.0400844
0.95194  0.0407876
0.95234  0.0414909
0.94936  0.0421941
0.94572  0.0428973
0.9466  0.0436006
0.9473  0.0443038
0.94687  0.045007
0.94563  0.0457103
0.94216  0.0464135
0.94379  0.0471167
0.95076  0.04782
0.95209  0.0485232
0.94715  0.0492264
0.94333  0.0499297
0.93906  0.0506329
0.93373  0.0513361
0.93197  0.0520394
0.93261  0.0527426
0.93183  0.0534459
0.92673  0.0541491
0.92389  0.0548523
0.92706  0.0555556
0.93234  0.0562588
0.92981  0.056962
0.92858  0.0576653
0.93243  0.0583685
0.93005  0.0590717
0.92937  0.059775
0.93528  0.0604782
0.9416  0.0611814
0.94677  0.0618847
0.94851  0.0625879
0.95135  0.0632911
0.95635  0.0639944
0.95745  0.0646976
0.96218  0.0654008
0.96091  0.0661041
0.95814  0.0668073
0.96581  0.0675105
0.97308  0.0682138
0.97966  0.068917
0.97745  0.0696203
0.97172  0.0703235
0.97201  0.0710267
0.97383  0.07173
0.97339  0.0724332
0.96977  0.0731364
0.96923  0.0738397
0.96758  0.0745429
0.96151  0.0752461
0.96102  0.0759494
0.96463  0.0766526
0.96734  0.0773558
0.96896  0.0780591
0.97304  0.0787623
0.98149  0.0794655
0.98954  0.0801688
1.00107  0.080872
1.00656  0.0815752
1.00331  0.0822785
0.99903  0.0829817
0.99664  0.083685
0.99413  0.0843882
0.98994  0.0850914
0.98472  0.0857947
0.9801  0.0864979
0.97713  0.0872011
0.97543  0.0879044
0.97819  0.0886076
0.97778  0.0893108
0.98307  0.0900141
0.98791  0.0907173
0.97765  0.0914205
0.96765  0.0921238
0.96457  0.092827
0.96605  0.0935302
0.96557  0.0942335
0.96533  0.0949367
0.96873  0.0956399
0.96915  0.0963432
0.97113  0.0970464
0.97786  0.0977496
0.98364  0.0984529
0.9838  0.0991561
0.97852  0.0998594
0.97744  0.100563
0.9812  0.101266
0.97797  0.101969
0.96867  0.102672
0.96922  0.103376
0.96947  0.104079
0.96735  0.104782
0.97123  0.105485
0.97184  0.106188
0.97356  0.106892
0.97702  0.107595
0.97631  0.108298
0.97314  0.109001
0.97365  0.109705
0.97341  0.110408
0.97146  0.111111
0.96603  0.111814
0.96012  0.112518
0.95989  0.113221
0.95682  0.113924
0.95188  0.114627
0.95101  0.115331
0.95356  0.116034
0.95775  0.116737
0.95869  0.11744
0.96095  0.118143
0.96431  0.118847
0.96413  0.11955
0.96148  0.120253
0.95716  0.120956
0.95759  0.12166
0.95608  0.122363
0.95486  0.123066
0.95765  0.123769
0.96069  0.124473
0.96145  0.125176
0.95812  0.125879
0.9542  0.126582
0.95221  0.127286
0.96033  0.127989
0.96658  0.128692
0.96703  0.129395
0.96744  0.130098
0.96963  0.130802
0.97378  0.131505
0.9701  0.132208
0.96524  0.132911
0.96536  0.133615
0.97029  0.134318
0.97536  0.135021
0.97534  0.135724
0.9708  0.136428
0.96677  0.137131
0.96676  0.137834
0.97259  0.138537
0.9764  0.139241
0.972  0.139944
0.96801  0.140647
0.96293  0.14135
0.95977  0.142053
0.96014  0.142757
0.95626  0.14346
0.94773  0.144163
0.93829  0.144866
0.9312  0.14557
0.92834  0.146273
0.92987  0.146976
0.9252  0.147679
0.91656  0.148383
0.9141  0.149086
0.91444  0.149789
0.91508  0.150492
0.91153  0.151195
0.90596  0.151899
0.90736  0.152602
0.90901  0.153305
0.91251  0.154008
0.91885  0.154712
0.91675  0.155415
0.9115  0.156118
0.91295  0.156821
0.91273  0.157525
0.91009  0.158228
0.90802  0.158931
0.9047  0.159634
0.90296  0.160338
0.90239  0.161041
0.9022  0.161744
0.89564  0.162447
0.89024  0.16315
0.88551  0.163854
0.87358  0.164557
0.86872  0.16526
0.86913  0.165963
0.86658  0.166667
0.86691  0.16737
0.86646  0.168073
0.86502  0.168776
0.86468  0.16948
0.86491  0.170183
0.86449  0.170886
0.86503  0.171589
0.87309  0.172293
0.88175  0.172996
0.883  0.173699
0.88473  0.174402
0.88651  0.175105
0.88135  0.175809
0.87782  0.176512
0.87741  0.177215
0.87499  0.177918
0.87291  0.178622
0.87222  0.179325
0.86884  0.180028
0.86326  0.180731
0.85679  0.181435
0.85616  0.182138
0.86086  0.182841
0.85806  0.183544
0.85219  0.184248
0.84996  0.184951
0.85124  0.185654
0.85335  0.186357
0.8614  0.18706
0.86982  0.187764
0.87241  0.188467
0.87175  0.18917
0.86641  0.189873
0.86462  0.190577
0.86358  0.19128
0.85818  0.191983
0.85483  0.192686
0.85548  0.19339
0.85433  0.194093
0.85276  0.194796
0.85232  0.195499
0.84933  0.196203
0.84446  0.196906
0.83927  0.197609
0.83865  0.198312
0.83581  0.199015
0.82824  0.199719
0.82017  0.200422
0.81726  0.201125
0.82348  0.201828
0.82778  0.202532
0.82772  0.203235
0.82831  0.203938
0.82532  0.204641
0.81746  0.205345
0.8131  0.206048
0.81133  0.206751
0.81422  0.207454
0.81964  0.208158
0.81864  0.208861
0.81349  0.209564
0.8147  0.210267
0.82113  0.21097
0.82272  0.211674
0.82245  0.212377
0.82041  0.21308
0.81506  0.213783
0.8125  0.214487
0.80545  0.21519
0.79593  0.215893
0.79738  0.216596
0.79769  0.2173
0.79155  0.218003
0.79072  0.218706
0.78833  0.219409
0.78573  0.220113
0.78377  0.220816
0.7784  0.221519
0.77317  0.222222
0.77173  0.222925
0.77122  0.223629
0.77264  0.224332
0.77288  0.225035
0.76743  0.225738
0.76367  0.226442
0.75687  0.227145
0.7537  0.227848
0.75266  0.228551
0.75006  0.229255
0.74783  0.229958
0.74361  0.230661
0.73915  0.231364
0.73709  0.232068
0.73798  0.232771
0.73413  0.233474
0.73588  0.234177
0.73958  0.23488
0.73397  0.235584
0.72807  0.236287
0.72551  0.23699
0.72007  0.237693
0.71414  0.238397
0.70962  0.2391
0.70447  0.239803
0.70296  0.240506
0.70373  0.24121
0.70471  0.241913
0.70496  0.242616
0.70098  0.243319
0.69598  0.244023
0.69229  0.244726
0.68742  0.245429
0.68911  0.246132
0.69065  0.246835
0.68918  0.247539
0.68601  0.248242
0.68328  0.248945
0.68427  0.249648
0.68641  0.250352
0.69451  0.251055
0.69603  0.251758
0.69077  0.252461
0.69163  0.253165
0.692  0.253868
0.69118  0.254571
0.69128  0.255274
0.68814  0.255977
0.68141  0.256681
0.6776  0.257384
0.67467  0.258087
0.67399  0.25879
0.67448  0.259494
0.67564  0.260197
0.67298  0.2609
0.66887  0.261603
0.66975  0.262307
0.6684  0.26301
0.66999  0.263713
0.67664  0.264416
0.68249  0.26512
0.68614  0.265823
0.68998  0.266526
0.69498  0.267229
0.6976  0.267932
0.69738  0.268636
0.69837  0.269339
0.69645  0.270042
0.69154  0.270745
0.68314  0.271449
0.67134  0.272152
0.66175  0.272855
0.65438  0.273558
0.64661  0.274262
0.64637  0.274965
0.64788  0.275668
0.6477  0.276371
0.6542  0.277075
0.66198  0.277778
0.66535  0.278481
0.66541  0.279184
0.66435  0.279887
0.65912  0.280591
0.65373  0.281294
0.65374  0.281997
0.65915  0.2827
0.66492  0.283404
0.6747  0.284107
0.68248  0.28481
0.68308  0.285513
0.68154  0.286217
0.67742  0.28692
0.67365  0.287623
0.66986  0.288326
0.66534  0.28903
0.66129  0.289733
0.65782  0.290436
0.65635  0.291139
0.65884  0.291842
0.66091  0.292546
0.65773  0.293249
0.65312  0.293952
0.65181  0.294655
0.65178  0.295359
0.64747  0.296062
0.64302  0.296765
0.64485  0.297468
0.64637  0.298172
0.64929  0.298875
0.65274  0.299578
0.65506  0.300281
0.65871  0.300985
0.65939  0.301688
0.65512  0.302391
0.65218  0.303094
0.64824  0.303797
0.64798  0.304501
0.64871  0.305204
0.64719  0.305907
0.65193  0.30661
0.64941  0.307314
0.64419  0.308017
0.64714  0.30872
0.64784  0.309423
0.64373  0.310127
0.63973  0.31083
0.63368  0.311533
0.63136  0.312236
0.6303  0.31294
0.6299  0.313643
0.631  0.314346
0.63073  0.315049
0.63041  0.315752
0.62661  0.316456
0.61864  0.317159
0.61539  0.317862
0.61588  0.318565
0.61328  0.319269
0.61165  0.319972
0.61064  0.320675
0.60683  0.321378
0.60209  0.322082
0.59749  0.322785
0.59184  0.323488
0.59256  0.324191
0.59697  0.324895
0.59997  0.325598
0.60328  0.326301
0.60241  0.327004
0.599  0.327707
0.59647  0.328411
0.5932  0.329114
0.59479  0.329817
0.59755  0.33052
0.59618  0.331224
0.59584  0.331927
0.59969  0.33263
0.60334  0.333333
0.60371  0.334037
0.59921  0.33474
0.59551  0.335443
0.59175  0.336146
0.58603  0.33685
0.58145  0.337553
0.57732  0.338256
0.57665  0.338959
0.57738  0.339662
0.58291  0.340366
0.59146  0.341069
0.59966  0.341772
0.60298  0.342475
0.60233  0.343179
0.60118  0.343882
0.59832  0.344585
0.5984  0.345288
0.60176  0.345992
0.60693  0.346695
0.61235  0.347398
0.61497  0.348101
0.61574  0.348805
0.61535  0.349508
0.61574  0.350211
0.61763  0.350914
0.61745  0.351617
0.61777  0.352321
0.61782  0.353024
0.61529  0.353727
0.6123  0.35443
0.60823  0.355134
0.60346  0.355837
0.60571  0.35654
0.6077  0.357243
0.60369  0.357947
0.59882  0.35865
0.59657  0.359353
0.5965  0.360056
0.59418  0.360759
0.5904  0.361463
0.58799  0.362166
0.59079  0.362869
0.5926  0.363572
0.58856  0.364276
0.58406  0.364979
0.57944  0.365682
0.57768  0.366385
0.57778  0.367089
0.57137  0.367792
0.56497  0.368495
0.56625  0.369198
0.57124  0.369902
0.57539  0.370605
0.57907  0.371308
0.57917  0.372011
0.57902  0.372714
0.58448  0.373418
0.59023  0.374121
0.59067  0.374824
0.58803  0.375527
0.58476  0.376231
0.57922  0.376934
0.57325  0.377637
0.5726  0.37834
0.5712  0.379044
0.567  0.379747
0.56473  0.38045
0.56093  0.381153
0.55872  0.381857
0.55985  0.38256
0.55969  0.383263
0.55553  0.383966
0.55105  0.384669
0.54966  0.385373
0.54799  0.386076
0.54327  0.386779
0.54132  0.387482
0.54196  0.388186
0.54186  0.388889
0.54052  0.389592
0.5364  0.390295
0.53453  0.390999
0.53694  0.391702
0.5392  0.392405
0.5391  0.393108
0.53965  0.393812
0.53761  0.394515
0.53702  0.395218
0.53648  0.395921
0.53255  0.396624
0.53344  0.397328
0.53144  0.398031
0.52472  0.398734
0.5202  0.399437
0.52123  0.400141
0.52039  0.400844
0.51558  0.401547
0.513  0.40225
0.51065  0.402954
0.51026  0.403657
0.5119  0.40436
0.5143  0.405063
0.51315  0.405767
0.50749  0.40647
0.50211  0.407173
0.50186  0.407876
0.506  0.408579
0.50747  0.409283
0.50688  0.409986
0.50735  0.410689
0.50479  0.411392
0.49952  0.412096
0.49657  0.412799
0.4977  0.413502
0.49729  0.414205
0.49524  0.414909
0.49447  0.415612
0.49321  0.416315
0.49375  0.417018
0.49172  0.417722
0.48906  0.418425
0.48902  0.419128
0.48877  0.419831
0.48777  0.420534
0.48977  0.421238
0.49536  0.421941
0.49804  0.422644
0.49767  0.423347
0.49769  0.424051
0.49344  0.424754
0.49223  0.425457
0.49686  0.42616
0.49764  0.426864
0.49733  0.427567
0.49596  0.42827
0.49671  0.428973
0.49918  0.429677
0.50456  0.43038
0.50501  0.431083
0.50195  0.431786
0.50074  0.432489
0.49474  0.433193
0.49502  0.433896
0.49802  0.434599
0.49434  0.435302
0.49052  0.436006
0.4876  0.436709
0.48505  0.437412
0.48182  0.438115
0.48258  0.438819
0.48876  0.439522
0.48879  0.440225
0.48223  0.440928
0.47814  0.441632
0.47733  0.442335
0.47665  0.443038
0.47862  0.443741
0.48014  0.444444
0.4802  0.445148
0.48065  0.445851
0.48272  0.446554
0.48516  0.447257
0.48755  0.447961
0.48716  0.448664
0.48558  0.449367
0.48649  0.45007
0.48541  0.450774
0.48284  0.451477
0.47759  0.45218
0.47179  0.452883
0.46838  0.453586
0.46187  0.45429
0.45571  0.454993
0.45472  0.455696
0.45232  0.456399
0.44935  0.457103
0.44637  0.457806
0.44246  0.458509
0.4423  0.459212
0.44805  0.459916
0.45188  0.460619
0.45103  0.461322
0.45483  0.462025
0.45979  0.462729
0.46062  0.463432
0.4589  0.464135
0.45755  0.464838
0.45462  0.465541
0.45226  0.466245
0.45686  0.466948
0.46027  0.467651
0.45707  0.468354
0.45145  0.469058
0.45038  0.469761
0.45163  0.470464
0.45207  0.471167
0.45327  0.471871
0.4491  0.472574
0.44383  0.473277
0.44357  0.47398
0.44785  0.474684
0.44912  0.475387
0.44724  0.47609
0.44976  0.476793
0.45253  0.477496
0.45025  0.4782
0.44613  0.478903
0.44582  0.479606
0.44493  0.480309
0.44257  0.481013
0.44325  0.481716
0.44546  0.482419
0.44497  0.483122
0.44456  0.483826
0.43911  0.484529
0.43275  0.485232
0.42895  0.485935
0.42522  0.486639
0.42689  0.487342
0.42831  0.488045
0.43069  0.488748
0.43274  0.489451
0.43589  0.490155
0.43785  0.490858
0.43638  0.491561
0.43435  0.492264
0.42903  0.492968
0.42069  0.493671
0.4131  0.494374
0.41127  0.495077
0.41376  0.495781
0.41729  0.496484
0.41741  0.497187
0.41475  0.49789
0.41247  0.498594
0.4096  0.499297
0.40798  0.5
0.40632  0.500703
0.40306  0.501406
0.40257  0.50211
0.40274  0.502813
0.40276  0.503516
0.4012  0.504219
0.39766  0.504923
0.39504  0.505626
0.3924  0.506329
0.38963  0.507032
0.38601  0.507736
0.38258  0.508439
0.37943  0.509142
0.37769  0.509845
0.3775  0.510549
0.3766  0.511252
0.37673  0.511955
0.37875  0.512658
0.38052  0.513361
0.37937  0.514065
0.37635  0.514768
0.37243  0.515471
0.36999  0.516174
0.36936  0.516878
0.36857  0.517581
0.36427  0.518284
0.35791  0.518987
0.35518  0.519691
0.35548  0.520394
0.35483  0.521097
0.35424  0.5218
0.35671  0.522504
0.35781  0.523207
0.35924  0.52391
0.35892  0.524613
0.35604  0.525316
0.35279  0.52602
0.34887  0.526723
0.34662  0.527426
0.34562  0.528129
0.34483  0.528833
0.34327  0.529536
0.34179  0.530239
0.34129  0.530942
0.34081  0.531646
0.33989  0.532349
0.34017  0.533052
0.33954  0.533755
0.33679  0.534459
0.3349  0.535162
0.33593  0.535865
0.33757  0.536568
0.33736  0.537271
0.33531  0.537975
0.33003  0.538678
0.32663  0.539381
0.32845  0.540084
0.32968  0.540788
0.32916  0.541491
0.32645  0.542194
0.32407  0.542897
0.32752  0.543601
0.32787  0.544304
0.32465  0.545007
0.32349  0.54571
0.32501  0.546414
0.3246  0.547117
0.3245  0.54782
0.32614  0.548523
0.32541  0.549226
0.32566  0.54993
0.32875  0.550633
0.33133  0.551336
0.32951  0.552039
0.32964  0.552743
0.33202  0.553446
0.32959  0.554149
0.3243  0.554852
0.31776  0.555556
0.3134  0.556259
0.31524  0.556962
0.31511  0.557665
0.31355  0.558368
0.31303  0.559072
0.3115  0.559775
0.3132  0.560478
0.31869  0.561181
0.32296  0.561885
0.32193  0.562588
0.32051  0.563291
0.31778  0.563994
0.31531  0.564698
0.31762  0.565401
0.32208  0.566104
0.3234  0.566807
0.32092  0.567511
0.32314  0.568214
0.32531  0.568917
0.32335  0.56962
0.32188  0.570323
0.3231  0.571027
0.3218  0.57173
0.32211  0.572433
0.32797  0.573136
0.33346  0.57384
0.33688  0.574543
0.33556  0.575246
0.33092  0.575949
0.33218  0.576653
0.3356  0.577356
0.33406  0.578059
0.33098  0.578762
0.32947  0.579466
0.32569  0.580169
0.32015  0.580872
0.3189  0.581575
0.32045  0.582278
0.31777  0.582982
0.31581  0.583685
0.31834  0.584388
0.31696  0.585091
0.31332  0.585795
0.31098  0.586498
0.31024  0.587201
0.31  0.587904
0.30329  0.588608
0.29586  0.589311
0.29412  0.590014
0.29292  0.590717
0.29459  0.591421
0.30063  0.592124
0.30274  0.592827
0.30138  0.59353
0.30324  0.594233
0.3033  0.594937
0.30009  0.59564
0.2972  0.596343
0.29727  0.597046
0.29611  0.59775
0.29772  0.598453
0.30259  0.599156
0.30414  0.599859
0.3066  0.600563
0.30971  0.601266
0.31189  0.601969
0.31449  0.602672
0.31393  0.603376
0.31244  0.604079
0.31191  0.604782
0.30949  0.605485
0.30696  0.606188
0.30586  0.606892
0.30894  0.607595
0.3139  0.608298
0.3139  0.609001
0.30876  0.609705
0.30425  0.610408
0.30353  0.611111
0.304  0.611814
0.30443  0.612518
0.30477  0.613221
0.30321  0.613924
0.29849  0.614627
0.29241  0.615331
0.28897  0.616034
0.28565  0.616737
0.28257  0.61744
0.28359  0.618143
0.28323  0.618847
0.28059  0.61955
0.27912  0.620253
0.27527  0.620956
0.2739  0.62166
0.27629  0.622363
0.27516  0.623066
0.27472  0.623769
0.27626  0.624473
0.2746  0.625176
0.27245  0.625879
0.26921  0.626582
0.27028  0.627286
0.27469  0.627989
0.27386  0.628692
0.27114  0.629395
0.26889  0.630098
0.26824  0.630802
0.26579  0.631505
0.26078  0.632208
0.25598  0.632911
0.25309  0.633615
0.25192  0.634318
0.25038  0.635021
0.24982  0.635724
0.25085  0.636428
0.25059  0.637131
0.24769  0.637834
0.24673  0.638537
0.24882  0.639241
0.24897  0.639944
0.24553  0.640647
0.24597  0.64135
0.24927  0.642053
0.24963  0.642757
0.2497  0.64346
0.24728  0.644163
0.24226  0.644866
0.23824  0.64557
0.23628  0.646273
0.23404  0.646976
0.22984  0.647679
0.22649  0.648383
0.22666  0.649086
0.22787  0.649789
0.22709  0.650492
0.22799  0.651195
0.22928  0.651899
0.22788  0.652602
0.22886  0.653305
0.23009  0.654008
0.23201  0.654712
0.23402  0.655415
0.2341  0.656118
0.2364  0.656821
0.23853  0.657525
0.23719  0.658228
0.23258  0.658931
0.22934  0.659634
0.2296  0.660338
0.22893  0.661041
0.22698  0.661744
0.22812  0.662447
0.23143  0.66315
0.23123  0.663854
0.23305  0.664557
0.23689  0.66526
0.23773  0.665963
0.23683  0.666667
0.23825  0.66737
0.24218  0.668073
0.2428  0.668776
0.23711  0.66948
0.23149  0.670183
0.23391  0.670886
0.23629  0.671589
0.23495  0.672293
0.23453  0.672996
0.23576  0.673699
0.2369  0.674402
0.23675  0.675105
0.2371  0.675809
0.23825  0.676512
0.23597  0.677215
0.23305  0.677918
0.23193  0.678622
0.23103  0.679325
0.22883  0.680028
0.22859  0.680731
0.23036  0.681435
0.23119  0.682138
0.23265  0.682841
0.23316  0.683544
0.23199  0.684248
0.22856  0.684951
0.22725  0.685654
0.22998  0.686357
0.23307  0.68706
0.23775  0.687764
0.24321  0.688467
0.24738  0.68917
0.24988  0.689873
0.24911  0.690577
0.24689  0.69128
0.24249  0.691983
0.23974  0.692686
0.24038  0.69339
0.23818  0.694093
0.23574  0.694796
0.23431  0.695499
0.23241  0.696203
0.23035  0.696906
0.22966  0.697609
0.22874  0.698312
0.22868  0.699015
0.23146  0.699719
0.23263  0.700422
0.2312  0.701125
0.2303  0.701828
0.2291  0.702532
0.22624  0.703235
0.22378  0.703938
0.22331  0.704641
0.22319  0.705345
0.22386  0.706048
0.22512  0.706751
0.226  0.707454
0.22484  0.708158
0.22533  0.708861
0.22945  0.709564
0.23033  0.710267
0.2302  0.71097
0.22896  0.711674
0.2283  0.712377
0.22849  0.71308
0.23023  0.713783
0.23294  0.714487
0.23246  0.71519
0.23186  0.715893
0.23175  0.716596
0.23075  0.7173
0.23186  0.718003
0.23465  0.718706
0.23303  0.719409
0.22929  0.720113
0.22819  0.720816
0.22807  0.721519
0.22971  0.722222
0.23208  0.722925
0.23201  0.723629
0.2308  0.724332
0.22985  0.725035
0.22975  0.725738
0.23245  0.726442
0.23571  0.727145
0.23588  0.727848
0.23209  0.728551
0.23056  0.729255
0.23039  0.729958
0.22812  0.730661
0.22858  0.731364
0.23031  0.732068
0.2305  0.732771
0.2298  0.733474
0.22959  0.734177
0.22894  0.73488
0.22792  0.735584
0.22861  0.736287
0.23098  0.73699
0.23112  0.737693
0.23045  0.738397
0.22904  0.7391
0.22506  0.739803
0.22173  0.740506
0.22372  0.74121
0.22769  0.741913
0.22756  0.742616
0.22481  0.743319
0.22228  0.744023
0.22344  0.744726
0.2256  0.745429
0.22311  0.746132
0.21907  0.746835
0.21886  0.747539
0.22057  0.748242
0.21996  0.748945
0.21813  0.749648
0.21823  0.750352
0.21799  0.751055
0.21689  0.751758
0.21874  0.752461
0.21937  0.753165
0.21792  0.753868
0.21543  0.754571
0.2136  0.755274
0.21339  0.755977
0.21423  0.756681
0.2129  0.757384
0.20698  0.758087
0.20431  0.75879
0.20623  0.759494
0.20616  0.760197
0.20274  0.7609
0.19957  0.761603
0.19696  0.762307
0.19558  0.76301
0.19495  0.763713
0.19362  0.764416
0.1928  0.76512
0.19335  0.765823
0.19438  0.766526
0.19198  0.767229
0.18805  0.767932
0.18609  0.768636
0.1848  0.769339
0.18369  0.770042
0.18295  0.770745
0.18216  0.771449
0.18346  0.772152
0.18484  0.772855
0.18223  0.773558
0.18172  0.774262
0.18282  0.774965
0.18156  0.775668
0.17789  0.776371
0.17391  0.777075
0.17591  0.777778
0.17915  0.778481
0.17712  0.779184
0.17666  0.779887
0.18085  0.780591
0.18461  0.781294
0.18652  0.781997
0.18656  0.7827
0.1854  0.783404
0.1859  0.784107
0.18726  0.78481
0.18746  0.785513
0.18688  0.786217
0.18569  0.78692
0.18527  0.787623
0.18746  0.788326
0.18894  0.78903
0.18924  0.789733
0.18809  0.790436
0.18567  0.791139
0.18528  0.791842
0.1868  0.792546
0.18681  0.793249
0.18652  0.793952
0.1873  0.794655
0.18767  0.795359
0.1866  0.796062
0.18515  0.796765
0.18474  0.797468
0.18227  0.798172
0.17903  0.798875
0.17794  0.799578
0.17701  0.800281
0.17435  0.800985
0.1751  0.801688
0.17665  0.802391
0.17534  0.803094
0.17494  0.803797
0.1759  0.804501
0.17488  0.805204
0.17378  0.805907
0.17577  0.80661
0.17675  0.807314
0.17622  0.808017
0.17517  0.80872
0.17328  0.809423
0.17424  0.810127
0.17385  0.81083
0.17192  0.811533
0.1714  0.812236
0.17082  0.81294
0.1718  0.813643
0.169  0.814346
0.16717  0.815049
0.1672  0.815752
0.16646  0.816456
0.16775  0.817159
0.16917  0.817862
0.16875  0.818565
0.16984  0.819269
0.17269  0.819972
0.17124  0.820675
0.16839  0.821378
0.16601  0.822082
0.1629  0.822785
0.15825  0.823488
0.158  0.824191
0.1592  0.824895
0.15906  0.825598
0.16109  0.826301
0.16287  0.827004
0.16429  0.827707
0.16171  0.828411
0.15817  0.829114
0.1581  0.829817
0.15875  0.83052
0.15954  0.831224
0.15954  0.831927
0.15854  0.83263
0.1556  0.833333
0.15231  0.834037
0.15299  0.83474
0.1537  0.835443
0.15285  0.836146
0.15045  0.83685
0.14851  0.837553
0.14806  0.838256
0.14991  0.838959
0.15345  0.839662
0.15425  0.840366
0.15225  0.841069
0.15003  0.841772
0.14718  0.842475
0.14367  0.843179
0.14376  0.843882
0.14395  0.844585
0.1421  0.845288
0.14168  0.845992
0.14424  0.846695
0.1466  0.847398
0.14567  0.848101
0.14264  0.848805
0.14081  0.849508
0.14124  0.850211
0.14044  0.850914
0.13971  0.851617
0.13994  0.852321
0.13898  0.853024
0.1378  0.853727
0.13696  0.85443
0.13446  0.855134
0.13112  0.855837
0.12907  0.85654
0.12666  0.857243
0.12434  0.857947
0.12268  0.85865
0.12288  0.859353
0.12279  0.860056
0.12305  0.860759
0.12556  0.861463
0.12539  0.862166
0.12321  0.862869
0.12001  0.863572
0.11663  0.864276
0.11423  0.864979
0.11278  0.865682
0.11267  0.866385
0.11144  0.867089
0.10799  0.867792
0.10545  0.868495
0.10496  0.869198
0.10437  0.869902
0.10166  0.870605
0.09943  0.871308
0.09993  0.872011
0.10088  0.872714
0.10107  0.873418
0.10144  0.874121
0.1021  0.874824
0.10181  0.875527
0.10188  0.876231
0.10228  0.876934
0.10282  0.877637
0.10365  0.87834
0.10306  0.879044
0.10105  0.879747
0.09874  0.88045
0.09706  0.881153
0.09631  0.881857
0.0957  0.88256
0.09346  0.883263
0.09189  0.883966
0.09098  0.884669
0.08969  0.885373
0.08826  0.886076
0.08695  0.886779
0.08643  0.887482
0.08544  0.888186
0.08447  0.888889
0.08244  0.889592
0.08304  0.890295
0.08492  0.890999
0.0847  0.891702
0.08385  0.892405
0.08444  0.893108
0.08586  0.893812
0.08625  0.894515
0.08571  0.895218
0.08353  0.895921
0.0826  0.896624
0.08212  0.897328
0.08141  0.898031
0.0809  0.898734
0.0814  0.899437
0.08175  0.900141
0.08209  0.900844
0.08512  0.901547
0.08592  0.90225
0.08426  0.902954
0.08356  0.903657
0.08071  0.90436
0.07796  0.905063
0.07778  0.905767
0.07744  0.90647
0.07543  0.907173
0.07304  0.907876
0.07279  0.908579
0.07376  0.909283
0.07363  0.909986
0.07459  0.910689
0.07693  0.911392
0.07643  0.912096
0.07538  0.912799
0.07499  0.913502
0.07297  0.914205
0.07171  0.914909
0.07266  0.915612
0.07333  0.916315
0.07236  0.917018
0.07132  0.917722
0.07085  0.918425
0.07047  0.919128
0.07155  0.919831
0.07187  0.920534
0.0698  0.921238
0.06739  0.921941
0.0664  0.922644
0.06656  0.923347
0.06645  0.924051
0.06678  0.924754
0.06619  0.925457
0.06463  0.92616
0.06415  0.926864
0.06296  0.927567
0.06135  0.92827
0.06225  0.928973
0.06382  0.929677
0.06384  0.93038
0.06311  0.931083
0.06098  0.931786
0.05869  0.932489
0.05958  0.933193
0.06056  0.933896
0.0587  0.934599
0.05727  0.935302
0.05572  0.936006
0.05439  0.936709
0.05488  0.937412
0.05474  0.938115
0.05503  0.938819
0.05573  0.939522
0.05494  0.940225
0.05263  0.940928
0.04975  0.941632
0.04874  0.942335
0.04773  0.943038
0.0462  0.943741
0.04552  0.944444
0.04492  0.945148
0.04511  0.945851
0.04458  0.946554
0.04395  0.947257
0.04284  0.947961
0.04202  0.948664
0.04212  0.949367
0.0426  0.95007
0.04413  0.950774
0.04389  0.951477
0.04281  0.95218
0.04272  0.952883
0.04213  0.953586
0.0408  0.95429
0.03883  0.954993
0.03691  0.955696
0.03603  0.956399
0.03652  0.957103
0.03792  0.957806
0.03722  0.958509
0.03579  0.959212
0.03455  0.959916
0.03288  0.960619
0.03287  0.961322
0.03226  0.962025
0.03098  0.962729
0.03104  0.963432
0.03074  0.964135
0.03  0.964838
0.02927  0.965541
0.02881  0.966245
0.029  0.966948
0.02872  0.967651
0.02734  0.968354
0.02565  0.969058
0.02436  0.969761
0.02241  0.970464
0.0203  0.971167
0.0197  0.971871
0.0195  0.972574
0.01904  0.973277
0.01928  0.97398
0.01931  0.974684
0.01767  0.975387
0.01637  0.97609
0.01612  0.976793
0.01625  0.977496
0.01635  0.9782
0.01559  0.978903
0.01466  0.979606
0.01386  0.980309
0.01222  0.981013
0.01071  0.981716
0.0105  0.982419
0.01073  0.983122
0.01073  0.983826
0.0106  0.984529
0.01042  0.985232
0.00968  0.985935
0.0088  0.986639
0.00802  0.987342
0.00724  0.988045
0.00697  0.988748
0.00724  0.989451
0.00765  0.990155
0.00777  0.990858
0.00764  0.991561
0.00657  0.992264
0.00495  0.992968
0.00409  0.993671
0.00369  0.994374
0.00346  0.995077
0.00298  0.995781
0.00242  0.996484
0.00204  0.997187
0.00155  0.99789
0.00104  0.998594
0.00051  0.999297
0  1
