1  0
0.99837  0.00438596
0.99711  0.00877193
0.98847  0.0131579
0.97728  0.0175439
0.96612  0.0219298
0.9569  0.0263158
0.94962  0.0307018
0.94242  0.0350877
0.94181  0.0394737
0.94291  0.0438596
0.94301  0.0482456
0.94365  0.0526316
0.94332  0.0570175
0.93769  0.0614035
0.9258  0.0657895
0.91706  0.0701754
0.91422  0.0745614
0.91366  0.0789474
0.90936  0.0833333
0.90562  0.0877193
0.90319  0.0921053
0.90061  0.0964912
0.90068  0.100877
0.89689  0.105263
0.8919  0.109649
0.88958  0.114035
0.88341  0.118421
0.87757  0.122807
0.87298  0.127193
0.8631  0.131579
0.85029  0.135965
0.84021  0.140351
0.83043  0.144737
0.81693  0.149123
0.80624  0.153509
0.80036  0.157895
0.79379  0.162281
0.78643  0.166667
0.77767  0.171053
0.76836  0.175439
0.76121  0.179825
0.75133  0.184211
0.7445  0.188596
0.743  0.192982
0.73795  0.197368
0.73289  0.201754
0.72756  0.20614
0.72233  0.210526
0.71598  0.214912
0.70894  0.219298
0.70488  0.223684
0.69961  0.22807
0.68785  0.232456
0.67933  0.236842
0.67845  0.241228
0.67805  0.245614
0.68107  0.25
0.6816  0.254386
0.67463  0.258772
0.6669  0.263158
0.66347  0.267544
0.66228  0.27193
0.65731  0.276316
0.65623  0.280702
0.65723  0.285088
0.64659  0.289474
0.64078  0.29386
0.63897  0.298246
0.63393  0.302632
0.6337  0.307018
0.63792  0.311404
0.63814  0.315789
0.63393  0.320175
0.63356  0.324561
0.63179  0.328947
0.6275  0.333333
0.62137  0.337719
0.62054  0.342105
0.62252  0.346491
0.61859  0.350877
0.61336  0.355263
0.61171  0.359649
0.60846  0.364035
0.60327  0.368421
0.59751  0.372807
0.59098  0.377193
0.58662  0.381579
0.58193  0.385965
0.57832  0.390351
0.57737  0.394737
0.57686  0.399123
0.57474  0.403509
0.56807  0.407895
0.55653  0.412281
0.55103  0.416667
0.5502  0.421053
0.54907  0.425439
0.54655  0.429825
0.53736  0.434211
0.52561  0.438596
0.52239  0.442982
0.52559  0.447368
0.52144  0.451754
0.51654  0.45614
0.51422  0.460526
0.50789  0.464912
0.50037  0.469298
0.49341  0.473684
0.48555  0.47807
0.47847  0.482456
0.4734  0.486842
0.4692  0.491228
0.46566  0.495614
0.46034  0.5
0.45668  0.504386
0.45454  0.508772
0.44871  0.513158
0.44217  0.517544
0.44131  0.52193
0.44311  0.526316
0.44276  0.530702
0.43833  0.535088
0.4358  0.539474
0.43771  0.54386
0.43642  0.548246
0.43665  0.552632
0.43441  0.557018
0.42888  0.561404
0.42399  0.565789
0.41863  0.570175
0.41433  0.574561
0.41004  0.578947
0.40751  0.583333
0.40692  0.587719
0.40422  0.592105
0.39931  0.596491
0.39509  0.600877
0.39038  0.605263
0.3869  0.609649
0.38088  0.614035
0.37115  0.618421
0.36523  0.622807
0.35948  0.627193
0.35142  0.631579
0.34725  0.635965
0.34355  0.640351
0.34064  0.644737
0.33914  0.649123
0.33552  0.653509
0.33344  0.657895
0.33156  0.662281
0.32438  0.666667
0.31766  0.671053
0.31374  0.675439
0.30802  0.679825
0.30431  0.684211
0.29799  0.688596
0.28995  0.692982
0.28566  0.697368
0.28185  0.701754
0.28043  0.70614
0.27833  0.710526
0.27792  0.714912
0.27802  0.719298
0.2739  0.723684
0.26976  0.72807
0.26713  0.732456
0.26349  0.736842
0.25969  0.741228
0.25478  0.745614
0.24916  0.75
0.2477  0.754386
0.24785  0.758772
0.24618  0.763158
0.24391  0.767544
0.24304  0.77193
0.24031  0.776316
0.23589  0.780702
0.23192  0.785088
0.22604  0.789474
0.2175  0.79386
0.21172  0.798246
0.20816  0.802632
0.20102  0.807018
0.19616  0.811404
0.19312  0.815789
0.18725  0.820175
0.17966  0.824561
0.17304  0.828947
0.16767  0.833333
0.1621  0.837719
0.15585  0.842105
0.14995  0.846491
0.14723  0.850877
0.14547  0.855263
0.14292  0.859649
0.13784  0.864035
0.13105  0.868421
0.12441  0.872807
0.11966  0.877193
0.1155  0.881579
0.11004  0.885965
0.10432  0.890351
0.09808  0.894737
0.09336  0.899123
0.09012  0.903509
0.08837  0.907895
0.08605  0.912281
0.08092  0.916667
0.07556  0.921053
0.07108  0.925439
0.0678  0.929825
0.06518  0.934211
0.06263  0.938596
0.05855  0.942982
0.05353  0.947368
0.04847  0.951754
0.04374  0.95614
0.04032  0.960526
0.0365  0.964912
0.03177  0.969298
0.02695  0.973684
0.02226  0.97807
0.01746  0.982456
0.01313  0.986842
0.00943  0.991228
0.00488  0.995614
0  1
