1  0
0.9727  0.00438596
0.9491  0.00877193
0.92963  0.0131579
0.91115  0.0175439
0.88465  0.0219298
0.85455  0.0263158
0.83025  0.0307018
0.80707  0.0350877
0.78214  0.0394737
0.75968  0.0438596
0.73221  0.0482456
0.70674  0.0526316
0.68306  0.0570175
0.65617  0.0614035
0.6334  0.0657895
0.6147  0.0701754
0.59496  0.0745614
0.57478  0.0789474
0.55397  0.0833333
0.53074  0.0877193
0.50883  0.0921053
0.49382  0.0964912
0.4766  0.100877
0.4562  0.105263
0.43521  0.109649
0.41524  0.114035
0.39507  0.118421
0.3785  0.122807
0.36465  0.127193
0.34722  0.131579
0.32708  0.135965
0.30822  0.140351
0.28954  0.144737
0.27501  0.149123
0.26485  0.153509
0.25287  0.157895
0.23821  0.162281
0.22651  0.166667
0.21689  0.171053
0.20739  0.175439
0.19661  0.179825
0.18619  0.184211
0.17624  0.188596
0.16911  0.192982
0.16167  0.197368
0.15143  0.201754
0.13933  0.20614
0.12779  0.210526
0.11726  0.214912
0.10935  0.219298
0.102  0.223684
0.09539  0.22807
0.08855  0.232456
0.08259  0.236842
0.07662  0.241228
0.07266  0.245614
0.06908  0.25
0.06414  0.254386
0.05964  0.258772
0.05683  0.263158
0.05389  0.267544
0.05162  0.27193
0.0465  0.276316
0.04145  0.280702
0.03882  0.285088
0.03676  0.289474
0.03424  0.29386
0.03086  0.298246
0.02685  0.302632
0.02502  0.307018
0.02449  0.311404
0.02344  0.315789
0.0213  0.320175
0.0193  0.324561
0.01835  0.328947
0.01734  0.333333
0.01526  0.337719
0.01341  0.342105
0.01166  0.346491
0.01021  0.350877
0.00901  0.355263
0.00825  0.359649
0.00764  0.364035
0.00689  0.368421
0.006  0.372807
0.00535  0.377193
0.00516  0.381579
0.00511  0.385965
0.00434  0.390351
0.00359  0.394737
0.0036  0.399123
0.00359  0.403509
0.00311  0.407895
0.00283  0.412281
0.00256  0.416667
0.00221  0.421053
0.0019  0.425439
0.00158  0.429825
0.00133  0.434211
0.00141  0.438596
0.00145  0.442982
0.00129  0.447368
0.00112  0.451754
0.00091  0.45614
0.00078  0.460526
0.00069  0.464912
0.00068  0.469298
0.00077  0.473684
0.00049  0.47807
0.00024  0.482456
0.00018  0.486842
0.00019  0.491228
0.00018  0.495614
0.00011  0.5
4e-05  0.504386
1e-05  0.508772
1e-05  0.513158
1e-05  0.517544
0  0.52193
0  0.526316
0  0.530702
0  0.535088
0  0.539474
0  0.54386
0  0.548246
0  0.552632
0  0.557018
0  0.561404
0  0.565789
0  0.570175
0  0.574561
0  0.578947
0  0.583333
0  0.587719
0  0.592105
0  0.596491
0  0.600877
0  0.605263
0  0.609649
0  0.614035
0  0.618421
0  0.622807
0  0.627193
0  0.631579
0  0.635965
0  0.640351
0  0.644737
0  0.649123
0  0.653509
0  0.657895
0  0.662281
0  0.666667
0  0.671053
0  0.675439
0  0.679825
0  0.684211
0  0.688596
0  0.692982
0  0.697368
0  0.701754
0  0.70614
0  0.710526
0  0.714912
0  0.719298
0  0.723684
0  0.72807
0  0.732456
0  0.736842
0  0.741228
0  0.745614
0  0.75
0  0.754386
0  0.758772
0  0.763158
0  0.767544
0  0.77193
0  0.776316
0  0.780702
0  0.785088
0  0.789474
0  0.79386
0  0.798246
0  0.802632
0  0.807018
0  0.811404
0  0.815789
0  0.820175
0  0.824561
0  0.828947
0  0.833333
0  0.837719
0  0.842105
0  0.846491
0  0.850877
0  0.855263
0  0.859649
0  0.864035
0  0.868421
0  0.872807
0  0.877193
0  0.881579
0  0.885965
0  0.890351
0  0.894737
0  0.899123
0  0.903509
0  0.907895
0  0.912281
0  0.916667
0  0.921053
0  0.925439
0  0.929825
0  0.934211
0  0.938596
0  0.942982
0  0.947368
0  0.951754
0  0.95614
0  0.960526
0  0.964912
0  0.969298
0  0.973684
0  0.97807
0  0.982456
0  0.986842
0  0.991228
0  0.995614
0  1
