1  0
0.9727  0.00444444
0.9491  0.00888889
0.92963  0.0133333
0.91115  0.0177778
0.88465  0.0222222
0.85455  0.0266667
0.83025  0.0311111
0.80707  0.0355556
0.78214  0.04
0.75968  0.0444444
0.73221  0.0488889
0.70674  0.0533333
0.68306  0.0577778
0.65617  0.0622222
0.6334  0.0666667
0.6147  0.0711111
0.59496  0.0755556
0.57478  0.08
0.55397  0.0844444
0.53074  0.0888889
0.50883  0.0933333
0.49382  0.0977778
0.4766  0.102222
0.4562  0.106667
0.43521  0.111111
0.41524  0.115556
0.39507  0.12
0.3785  0.124444
0.36465  0.128889
0.34722  0.133333
0.32708  0.137778
0.30822  0.142222
0.28954  0.146667
0.27501  0.151111
0.26485  0.155556
0.25287  0.16
0.23821  0.164444
0.22651  0.168889
0.21689  0.173333
0.20739  0.177778
0.19661  0.182222
0.18619  0.186667
0.17624  0.191111
0.16911  0.195556
0.16167  0.2
0.15143  0.204444
0.13933  0.208889
0.12779  0.213333
0.11726  0.217778
0.10935  0.222222
0.102  0.226667
0.09539  0.231111
0.08855  0.235556
0.08259  0.24
0.07662  0.244444
0.07266  0.248889
0.06908  0.253333
0.06414  0.257778
0.05964  0.262222
0.05683  0.266667
0.05389  0.271111
0.05162  0.275556
0.0465  0.28
0.04145  0.284444
0.03882  0.288889
0.03676  0.293333
0.03424  0.297778
0.03086  0.302222
0.02685  0.306667
0.02502  0.311111
0.02449  0.315556
0.02344  0.32
0.0213  0.324444
0.0193  0.328889
0.01835  0.333333
0.01734  0.337778
0.01526  0.342222
0.01341  0.346667
0.01166  0.351111
0.01021  0.355556
0.00901  0.36
0.00825  0.364444
0.00764  0.368889
0.00689  0.373333
0.006  0.377778
0.00535  0.382222
0.00516  0.386667
0.00511  0.391111
0.00434  0.395556
0.00359  0.4
0.0036  0.404444
0.00359  0.408889
0.00311  0.413333
0.00283  0.417778
0.00256  0.422222
0.00221  0.426667
0.0019  0.431111
0.00158  0.435556
0.00133  0.44
0.00141  0.444444
0.00145  0.448889
0.00129  0.453333
0.00112  0.457778
0.00091  0.462222
0.00078  0.466667
0.00069  0.471111
0.00068  0.475556
0.00077  0.48
0.00049  0.484444
0.00024  0.488889
0.00018  0.493333
0.00019  0.497778
0.00018  0.502222
0.00011  0.506667
4e-05  0.511111
1e-05  0.515556
1e-05  0.52
1e-05  0.524444
0  0.528889
0  0.533333
0  0.537778
0  0.542222
0  0.546667
0  0.551111
0  0.555556
0  0.56
0  0.564444
0  0.568889
0  0.573333
0  0.577778
0  0.582222
0  0.586667
0  0.591111
0  0.595556
0  0.6
0  0.604444
0  0.608889
0  0.613333
0  0.617778
0  0.622222
0  0.626667
0  0.631111
0  0.635556
0  0.64
0  0.644444
0  0.648889
0  0.653333
0  0.657778
0  0.662222
0  0.666667
0  0.671111
0  0.675556
0  0.68
0  0.684444
0  0.688889
0  0.693333
0  0.697778
0  0.702222
0  0.706667
0  0.711111
0  0.715556
0  0.72
0  0.724444
0  0.728889
0  0.733333
0  0.737778
0  0.742222
0  0.746667
0  0.751111
0  0.755556
0  0.76
0  0.764444
0  0.768889
0  0.773333
0  0.777778
0  0.782222
0  0.786667
0  0.791111
0  0.795556
0  0.8
0  0.804444
0  0.808889
0  0.813333
0  0.817778
0  0.822222
0  0.826667
0  0.831111
0  0.835556
0  0.84
0  0.844444
0  0.848889
0  0.853333
0  0.857778
0  0.862222
0  0.866667
0  0.871111
0  0.875556
0  0.88
0  0.884444
0  0.888889
0  0.893333
0  0.897778
0  0.902222
0  0.906667
0  0.911111
0  0.915556
0  0.92
0  0.924444
0  0.928889
0  0.933333
0  0.937778
0  0.942222
0  0.946667
0  0.951111
0  0.955556
0  0.96
0  0.964444
0  0.968889
0  0.973333
0  0.977778
0  0.982222
0  0.986667
0  0.991111
0  0.995556
0  1
