1  0
0.99798  0.00444444
0.9893  0.00888889
0.97703  0.0133333
0.96784  0.0177778
0.96173  0.0222222
0.95334  0.0266667
0.94145  0.0311111
0.93061  0.0355556
0.92322  0.04
0.91915  0.0444444
0.91116  0.0488889
0.9037  0.0533333
0.90214  0.0577778
0.89611  0.0622222
0.88495  0.0666667
0.88015  0.0711111
0.87309  0.0755556
0.85974  0.08
0.85076  0.0844444
0.84183  0.0888889
0.83416  0.0933333
0.82749  0.0977778
0.81894  0.102222
0.81263  0.106667
0.80504  0.111111
0.79684  0.115556
0.79019  0.12
0.78076  0.124444
0.76821  0.128889
0.75745  0.133333
0.74672  0.137778
0.73467  0.142222
0.72501  0.146667
0.71352  0.151111
0.70119  0.155556
0.69238  0.16
0.68096  0.164444
0.67255  0.168889
0.67  0.173333
0.66683  0.177778
0.65541  0.182222
0.63995  0.186667
0.63397  0.191111
0.63358  0.195556
0.63065  0.2
0.62526  0.204444
0.6142  0.208889
0.60083  0.213333
0.59278  0.217778
0.58451  0.222222
0.57741  0.226667
0.56864  0.231111
0.55745  0.235556
0.54746  0.24
0.53682  0.244444
0.52855  0.248889
0.52544  0.253333
0.52439  0.257778
0.5173  0.262222
0.50816  0.266667
0.50362  0.271111
0.50183  0.275556
0.49784  0.28
0.49592  0.284444
0.49462  0.288889
0.48485  0.293333
0.47989  0.297778
0.47686  0.302222
0.46899  0.306667
0.46647  0.311111
0.46381  0.315556
0.45627  0.32
0.45224  0.324444
0.45083  0.328889
0.44354  0.333333
0.43744  0.337778
0.4332  0.342222
0.42864  0.346667
0.42262  0.351111
0.41417  0.355556
0.40793  0.36
0.40567  0.364444
0.40254  0.368889
0.39486  0.373333
0.38897  0.377778
0.3878  0.382222
0.38519  0.386667
0.37951  0.391111
0.37827  0.395556
0.37755  0.4
0.37215  0.404444
0.36768  0.408889
0.36291  0.413333
0.35674  0.417778
0.35044  0.422222
0.34634  0.426667
0.34397  0.431111
0.3407  0.435556
0.33088  0.44
0.31906  0.444444
0.31356  0.448889
0.30893  0.453333
0.3036  0.457778
0.30138  0.462222
0.29786  0.466667
0.29063  0.471111
0.2839  0.475556
0.27965  0.48
0.27567  0.484444
0.2676  0.488889
0.26117  0.493333
0.25941  0.497778
0.25481  0.502222
0.2489  0.506667
0.24454  0.511111
0.23921  0.515556
0.23278  0.52
0.22678  0.524444
0.22416  0.528889
0.22238  0.533333
0.21784  0.537778
0.21194  0.542222
0.20814  0.546667
0.2064  0.551111
0.20145  0.555556
0.19947  0.56
0.19623  0.564444
0.19196  0.568889
0.18911  0.573333
0.18306  0.577778
0.17834  0.582222
0.17444  0.586667
0.16914  0.591111
0.16522  0.595556
0.1636  0.6
0.16093  0.604444
0.15519  0.608889
0.1508  0.613333
0.14953  0.617778
0.14875  0.622222
0.14806  0.626667
0.14524  0.631111
0.14104  0.635556
0.13847  0.64
0.13789  0.644444
0.13683  0.648889
0.13292  0.653333
0.12885  0.657778
0.12604  0.662222
0.12332  0.666667
0.12181  0.671111
0.1198  0.675556
0.11799  0.68
0.11609  0.684444
0.11318  0.688889
0.11263  0.693333
0.11041  0.697778
0.1057  0.702222
0.10319  0.706667
0.10113  0.711111
0.09943  0.715556
0.0972  0.72
0.09741  0.724444
0.09929  0.728889
0.09632  0.733333
0.09338  0.737778
0.0924  0.742222
0.09169  0.746667
0.08934  0.751111
0.08695  0.755556
0.08644  0.76
0.08538  0.764444
0.0835  0.768889
0.08181  0.773333
0.08177  0.777778
0.08175  0.782222
0.07966  0.786667
0.07731  0.791111
0.07618  0.795556
0.07485  0.8
0.07247  0.804444
0.07057  0.808889
0.06795  0.813333
0.06484  0.817778
0.06452  0.822222
0.06441  0.826667
0.0634  0.831111
0.0628  0.835556
0.05987  0.84
0.05709  0.844444
0.05576  0.848889
0.0539  0.853333
0.05239  0.857778
0.05174  0.862222
0.0507  0.866667
0.04911  0.871111
0.04623  0.875556
0.04456  0.88
0.04285  0.884444
0.03957  0.888889
0.03655  0.893333
0.03479  0.897778
0.03432  0.902222
0.03374  0.906667
0.03267  0.911111
0.0316  0.915556
0.03134  0.92
0.03051  0.924444
0.02839  0.928889
0.02604  0.933333
0.02427  0.937778
0.02265  0.942222
0.02038  0.946667
0.0185  0.951111
0.01713  0.955556
0.01558  0.96
0.01345  0.964444
0.01133  0.968889
0.00994  0.973333
0.00842  0.977778
0.00678  0.982222
0.00537  0.986667
0.00374  0.991111
0.00183  0.995556
0  1
