1  0
0.99487  0.00444444
0.99097  0.00888889
0.9839  0.0133333
0.97591  0.0177778
0.9646  0.0222222
0.95461  0.0266667
0.94721  0.0311111
0.94108  0.0355556
0.94056  0.04
0.93957  0.0444444
0.93882  0.0488889
0.94209  0.0533333
0.94342  0.0577778
0.93529  0.0622222
0.92215  0.0666667
0.91494  0.0711111
0.91292  0.0755556
0.91077  0.08
0.9044  0.0844444
0.89924  0.0888889
0.89704  0.0933333
0.8957  0.0977778
0.89376  0.102222
0.88832  0.106667
0.88251  0.111111
0.88015  0.115556
0.87546  0.12
0.87047  0.124444
0.86837  0.128889
0.86137  0.133333
0.84901  0.137778
0.84043  0.142222
0.83463  0.146667
0.82414  0.151111
0.81482  0.155556
0.80842  0.16
0.79861  0.164444
0.78886  0.168889
0.78106  0.173333
0.77277  0.177778
0.76512  0.182222
0.75437  0.186667
0.74764  0.191111
0.74845  0.195556
0.74469  0.2
0.74055  0.204444
0.73556  0.208889
0.72795  0.213333
0.72087  0.217778
0.7136  0.222222
0.70952  0.226667
0.70506  0.231111
0.69212  0.235556
0.6809  0.24
0.67807  0.244444
0.67762  0.248889
0.67993  0.253333
0.67842  0.257778
0.67032  0.262222
0.66172  0.266667
0.65665  0.271111
0.65502  0.275556
0.65173  0.28
0.65266  0.284444
0.65364  0.288889
0.64388  0.293333
0.6401  0.297778
0.63782  0.302222
0.63037  0.306667
0.62803  0.311111
0.63205  0.315556
0.6312  0.32
0.62491  0.324444
0.62377  0.328889
0.62217  0.333333
0.61777  0.337778
0.61246  0.342222
0.61293  0.346667
0.61426  0.351111
0.60931  0.355556
0.60346  0.36
0.60198  0.364444
0.59885  0.368889
0.59218  0.373333
0.58599  0.377778
0.57963  0.382222
0.57412  0.386667
0.56912  0.391111
0.56616  0.395556
0.56365  0.4
0.56008  0.404444
0.55579  0.408889
0.54886  0.413333
0.53879  0.417778
0.53515  0.422222
0.53523  0.426667
0.53632  0.431111
0.53564  0.435556
0.52632  0.44
0.51405  0.444444
0.51068  0.448889
0.51392  0.453333
0.50916  0.457778
0.50403  0.462222
0.50164  0.466667
0.49575  0.471111
0.48886  0.475556
0.48196  0.48
0.47327  0.484444
0.46551  0.488889
0.46024  0.493333
0.45559  0.497778
0.45199  0.502222
0.44774  0.506667
0.44453  0.511111
0.44074  0.515556
0.43423  0.52
0.42894  0.524444
0.4282  0.528889
0.42832  0.533333
0.42726  0.537778
0.42281  0.542222
0.41896  0.546667
0.42025  0.551111
0.41905  0.555556
0.41905  0.56
0.41597  0.564444
0.40983  0.568889
0.40593  0.573333
0.40138  0.577778
0.39851  0.582222
0.39514  0.586667
0.39194  0.591111
0.3909  0.595556
0.38753  0.6
0.38214  0.604444
0.37859  0.608889
0.3753  0.613333
0.37273  0.617778
0.36721  0.622222
0.35851  0.626667
0.3527  0.631111
0.34519  0.635556
0.33643  0.64
0.33392  0.644444
0.33177  0.648889
0.32863  0.653333
0.32548  0.657778
0.32129  0.662222
0.32  0.666667
0.31936  0.671111
0.31289  0.675556
0.30617  0.68
0.30176  0.684444
0.29517  0.688889
0.2921  0.693333
0.28678  0.697778
0.27912  0.702222
0.27514  0.706667
0.27114  0.711111
0.26838  0.715556
0.2654  0.72
0.26258  0.724444
0.26029  0.728889
0.25636  0.733333
0.25205  0.737778
0.24853  0.742222
0.24461  0.746667
0.24037  0.751111
0.23568  0.755556
0.23146  0.76
0.23052  0.764444
0.23071  0.768889
0.2301  0.773333
0.22909  0.777778
0.22737  0.782222
0.22407  0.786667
0.21955  0.791111
0.21577  0.795556
0.21149  0.8
0.20402  0.804444
0.19819  0.808889
0.19448  0.813333
0.18754  0.817778
0.1819  0.822222
0.17829  0.826667
0.17357  0.831111
0.16723  0.835556
0.1618  0.84
0.15754  0.844444
0.15124  0.848889
0.14416  0.853333
0.1387  0.857778
0.13698  0.862222
0.1363  0.866667
0.13448  0.871111
0.12982  0.875556
0.12409  0.88
0.11882  0.884444
0.11321  0.888889
0.10826  0.893333
0.10297  0.897778
0.0971  0.902222
0.09097  0.906667
0.08636  0.911111
0.08291  0.915556
0.08028  0.92
0.07695  0.924444
0.07159  0.928889
0.0666  0.933333
0.06231  0.937778
0.05847  0.942222
0.05519  0.946667
0.05234  0.951111
0.04768  0.955556
0.04193  0.96
0.03676  0.964444
0.03223  0.968889
0.02832  0.973333
0.02425  0.977778
0.01965  0.982222
0.01459  0.986667
0.0097  0.991111
0.00489  0.995556
0  1
